(kicad_pcb (version 20171130) (host pcbnew "(5.0.2)-1")

  (general
    (thickness 1.6)
    (drawings 37)
    (tracks 2694)
    (zones 0)
    (modules 342)
    (nets 187)
  )

  (page A4)
  (layers
    (0 PWR.Cu power)
    (1 GND_SHIELD.Cu power)
    (2 Signal.Cu signal)
    (31 Mixed.Cu mixed)
    (32 B.Adhes user)
    (33 F.Adhes user)
    (34 B.Paste user)
    (35 F.Paste user)
    (36 B.SilkS user)
    (37 F.SilkS user hide)
    (38 B.Mask user)
    (39 F.Mask user)
    (40 Dwgs.User user)
    (41 Cmts.User user)
    (42 Eco1.User user)
    (43 Eco2.User user)
    (44 Edge.Cuts user)
    (45 Margin user)
    (46 B.CrtYd user)
    (47 F.CrtYd user)
    (48 B.Fab user hide)
    (49 F.Fab user hide)
  )

  (setup
    (last_trace_width 0.1524)
    (user_trace_width 0.1524)
    (user_trace_width 0.3048)
    (user_trace_width 0.4064)
    (user_trace_width 0.635)
    (user_trace_width 0.762)
    (user_trace_width 1.27)
    (trace_clearance 0.2)
    (zone_clearance 0.2)
    (zone_45_only no)
    (trace_min 0.1524)
    (segment_width 0.2)
    (edge_width 0.15)
    (via_size 0.8)
    (via_drill 0.4)
    (via_min_size 0.4)
    (via_min_drill 0.3)
    (user_via 0.4 0.3)
    (user_via 0.6 0.4)
    (user_via 1 0.5)
    (uvia_size 0.3)
    (uvia_drill 0.1)
    (uvias_allowed no)
    (uvia_min_size 0.2)
    (uvia_min_drill 0.1)
    (pcb_text_width 0.3)
    (pcb_text_size 1.5 1.5)
    (mod_edge_width 0.15)
    (mod_text_size 1 1)
    (mod_text_width 0.15)
    (pad_size 1.524 1.524)
    (pad_drill 0.762)
    (pad_to_mask_clearance 0.051)
    (solder_mask_min_width 0.25)
    (aux_axis_origin 50 150)
    (visible_elements 7FFFF7FF)
    (pcbplotparams
      (layerselection 0x010fc_ffffffff)
      (usegerberextensions false)
      (usegerberattributes false)
      (usegerberadvancedattributes false)
      (creategerberjobfile false)
      (excludeedgelayer true)
      (linewidth 0.100000)
      (plotframeref false)
      (viasonmask false)
      (mode 1)
      (useauxorigin false)
      (hpglpennumber 1)
      (hpglpenspeed 20)
      (hpglpendiameter 15.000000)
      (psnegative false)
      (psa4output false)
      (plotreference true)
      (plotvalue true)
      (plotinvisibletext false)
      (padsonsilk false)
      (subtractmaskfromsilk false)
      (outputformat 1)
      (mirror false)
      (drillshape 1)
      (scaleselection 1)
      (outputdirectory ""))
  )

  (net 0 "")
  (net 1 GND)
  (net 2 +3V3)
  (net 3 "/Power Conversion/USB5V")
  (net 4 3V3_FILT)
  (net 5 "Net-(C508-Pad1)")
  (net 6 "Net-(C509-Pad1)")
  (net 7 "/Inputs and Fusing/HP_Vin+")
  (net 8 "/Inputs and Fusing/LP_Vin+")
  (net 9 "/Power Conversion/LP12V")
  (net 10 "/Power Conversion/HP12V")
  (net 11 "Net-(C805-Pad1)")
  (net 12 "Net-(C805-Pad2)")
  (net 13 "Net-(C806-Pad2)")
  (net 14 "Net-(C806-Pad1)")
  (net 15 "/Power Conversion/LP24V")
  (net 16 "Net-(D201-Pad1)")
  (net 17 "Net-(D201-Pad2)")
  (net 18 "Net-(D202-Pad1)")
  (net 19 "Net-(D202-Pad2)")
  (net 20 "Net-(D501-Pad2)")
  (net 21 "Net-(D502-Pad1)")
  (net 22 "Net-(D502-Pad2)")
  (net 23 "Net-(D701-Pad2)")
  (net 24 "Net-(D702-Pad2)")
  (net 25 "Net-(D703-Pad2)")
  (net 26 "Net-(D704-Pad2)")
  (net 27 "Net-(D705-Pad2)")
  (net 28 LPBAT_Voltage)
  (net 29 "Net-(F201-Pad2)")
  (net 30 "Net-(F202-Pad2)")
  (net 31 HPBAT_Voltage)
  (net 32 "Net-(F302-Pad1)")
  (net 33 "Net-(F302-Pad2)")
  (net 34 "Net-(F303-Pad2)")
  (net 35 "Net-(F303-Pad1)")
  (net 36 "Net-(F304-Pad1)")
  (net 37 "Net-(F304-Pad2)")
  (net 38 "Net-(F305-Pad1)")
  (net 39 "Net-(F305-Pad2)")
  (net 40 "Net-(F306-Pad1)")
  (net 41 "Net-(F307-Pad1)")
  (net 42 "Net-(F307-Pad2)")
  (net 43 "Net-(F308-Pad1)")
  (net 44 "Net-(F308-Pad2)")
  (net 45 "Net-(F309-Pad1)")
  (net 46 "Net-(F310-Pad1)")
  (net 47 "Net-(F501-Pad1)")
  (net 48 "Net-(F501-Pad2)")
  (net 49 USB-)
  (net 50 USB+)
  (net 51 SWDIO)
  (net 52 SWCLK)
  (net 53 ~RESET~)
  (net 54 "/Wiznet Ethernet/RX_C_N")
  (net 55 "/Wiznet Ethernet/RX_C_P")
  (net 56 "/Wiznet Ethernet/TCT_RCT")
  (net 57 "/Wiznet Ethernet/TX_R_N")
  (net 58 "/Wiznet Ethernet/TX_R_P")
  (net 59 "Net-(J601-PadSH)")
  (net 60 3V3A_W5500)
  (net 61 "/Wiznet Ethernet/ACT_LED_R")
  (net 62 "/Wiznet Ethernet/LINK_LED_R")
  (net 63 "Net-(Q201-Pad1)")
  (net 64 "Net-(Q202-Pad1)")
  (net 65 COOL_PUMP_CTRL_2)
  (net 66 "Net-(J308-Pad1)")
  (net 67 "Net-(J314-Pad1)")
  (net 68 INVERTER_CTRL)
  (net 69 COOL_PUMP_CTRL_1)
  (net 70 "Net-(J310-Pad1)")
  (net 71 "Net-(R201-Pad1)")
  (net 72 "Net-(R202-Pad1)")
  (net 73 LPBAT_VSense)
  (net 74 HPBAT_VSense)
  (net 75 "Net-(R301-Pad1)")
  (net 76 "Net-(R302-Pad1)")
  (net 77 "Net-(R303-Pad1)")
  (net 78 "Net-(R304-Pad1)")
  (net 79 "Net-(R305-Pad1)")
  (net 80 "Net-(R306-Pad1)")
  (net 81 "Net-(C602-Pad2)")
  (net 82 "/Wiznet Ethernet/XTAL_IN")
  (net 83 "/Wiznet Ethernet/XTAL_OUT")
  (net 84 "/Wiznet Ethernet/LINK_LED")
  (net 85 "/Wiznet Ethernet/ACT_LED")
  (net 86 "/Wiznet Ethernet/RSVD0")
  (net 87 "/Wiznet Ethernet/3V3D_W5500")
  (net 88 NETW_RESET_L)
  (net 89 NETW_INT_L)
  (net 90 "/Wiznet Ethernet/RSVD1")
  (net 91 "/Wiznet Ethernet/RSVD2")
  (net 92 "/Wiznet Ethernet/RSVD3")
  (net 93 "/Wiznet Ethernet/RSVD4")
  (net 94 "/Wiznet Ethernet/RSVD5")
  (net 95 "Net-(C607-Pad1)")
  (net 96 "Net-(C606-Pad1)")
  (net 97 "/Wiznet Ethernet/TX_P")
  (net 98 "/Wiznet Ethernet/TX_N")
  (net 99 "Net-(C605-Pad1)")
  (net 100 "/Wiznet Ethernet/RX_P")
  (net 101 "/Wiznet Ethernet/RX_N")
  (net 102 "/Wiznet Ethernet/REF_RES")
  (net 103 "/Wiznet Ethernet/PMODE0")
  (net 104 "/Wiznet Ethernet/PMODE1")
  (net 105 "/Wiznet Ethernet/PMODE2")
  (net 106 "Net-(R701-Pad2)")
  (net 107 "Net-(R701-Pad1)")
  (net 108 LP12V_VSense)
  (net 109 LP5V_VSense)
  (net 110 LP24V_VSense)
  (net 111 HP12V_VSense)
  (net 112 "Net-(R801-Pad2)")
  (net 113 "/Wiznet Ethernet/DUP_LED_NC")
  (net 114 "/Wiznet Ethernet/SPD_LED_NC")
  (net 115 "/Wiznet Ethernet/1V2_VBG_NC")
  (net 116 LPBatt_Current)
  (net 117 HPBatt_Current)
  (net 118 Nodes_Current)
  (net 119 LP5V_Output_Current)
  (net 120 CoolingP1_Current)
  (net 121 CoolingP2_Current)
  (net 122 LP12V_Output_Current)
  (net 123 Inverter12V_Current)
  (net 124 NETW_CS)
  (net 125 NETW_MISO)
  (net 126 NETW_MOSI)
  (net 127 NETW_SCLK)
  (net 128 "/Wiznet Ethernet/REF_CAP")
  (net 129 "/Wiznet Ethernet/1V20")
  (net 130 "Net-(L701-Pad1)")
  (net 131 "Net-(L702-Pad1)")
  (net 132 "Net-(L703-Pad1)")
  (net 133 "Net-(L701-Pad2)")
  (net 134 "Net-(L702-Pad2)")
  (net 135 "Net-(L703-Pad2)")
  (net 136 "Net-(C17-Pad1)")
  (net 137 +5V)
  (net 138 /SAMD21uC/ADC_Sensors/2V5_VREF)
  (net 139 /SAMD21uC/ADC_Sensors/5V_FILT)
  (net 140 /SAMD21uC/ADC_Sensors/3V3_FILT)
  (net 141 /SAMD21uC/ADC_Sensors/AINP)
  (net 142 "Net-(C1000-Pad2)")
  (net 143 "Net-(C1001-Pad2)")
  (net 144 "Net-(C1003-Pad2)")
  (net 145 "Net-(C1004-Pad2)")
  (net 146 "Net-(C1104-Pad2)")
  (net 147 "Net-(C1104-Pad1)")
  (net 148 "/Power Conversion/5V_Converter/COMP")
  (net 149 "Net-(C1110-Pad1)")
  (net 150 "Net-(J1001-Pad1)")
  (net 151 /SAMD21uC/ADC_Sensors/VREF_EN)
  (net 152 "Net-(R904-Pad2)")
  (net 153 /SAMD21uC/ADC_Sensors/MXO)
  (net 154 "Net-(R907-Pad1)")
  (net 155 /SAMD21uC/ADC_Sensors/ADC_S0)
  (net 156 /SAMD21uC/ADC_Sensors/ADC_S3)
  (net 157 "Net-(J1000-Pad2)")
  (net 158 "Net-(J1000-Pad1)")
  (net 159 /SAMD21uC/ADC_Sensors/Thermocouple/OUT1)
  (net 160 "Net-(J1001-Pad2)")
  (net 161 /SAMD21uC/ADC_Sensors/Thermocouple/OUT2)
  (net 162 "Net-(R1100-Pad2)")
  (net 163 "Net-(R1101-Pad2)")
  (net 164 "Net-(R1101-Pad1)")
  (net 165 "Net-(R1102-Pad2)")
  (net 166 "Net-(C19-Pad2)")
  (net 167 "Net-(C20-Pad2)")
  (net 168 "Net-(R16-Pad1)")
  (net 169 "Net-(R14-Pad1)")
  (net 170 "Net-(R14-Pad2)")
  (net 171 "Net-(R16-Pad2)")
  (net 172 /SAMD21uC/ADC_Sensors/Thermocouple/TC_VREF)
  (net 173 /SAMD21uC/~RESET)
  (net 174 "Net-(R900-Pad2)")
  (net 175 "Net-(R901-Pad2)")
  (net 176 /SAMD21uC/ADC_Sensors/3V3_EN)
  (net 177 /SAMD21uC/ADC_CS)
  (net 178 /SAMD21uC/ADC_SCLK)
  (net 179 /SAMD21uC/ADC_SDI)
  (net 180 /SAMD21uC/ADC_SDO)
  (net 181 /SAMD21uC/EXT_SPI_CS0)
  (net 182 /SAMD21uC/EXT_SPI_CS1)
  (net 183 /SAMD21uC/EXT_SPI_SDI)
  (net 184 /SAMD21uC/EXT_SPI_SDO)
  (net 185 /SAMD21uC/EXT_SPI_SCLK)
  (net 186 /SAMD21uC/ADC_Sensors/TC_VREF)

  (net_class Default "This is the default net class."
    (clearance 0.2)
    (trace_width 0.25)
    (via_dia 0.8)
    (via_drill 0.4)
    (uvia_dia 0.3)
    (uvia_drill 0.1)
    (add_net +3V3)
    (add_net +5V)
    (add_net "/Inputs and Fusing/HP_Vin+")
    (add_net "/Inputs and Fusing/LP_Vin+")
    (add_net "/Power Conversion/5V_Converter/COMP")
    (add_net "/Power Conversion/HP12V")
    (add_net "/Power Conversion/LP12V")
    (add_net "/Power Conversion/LP24V")
    (add_net "/Power Conversion/USB5V")
    (add_net /SAMD21uC/ADC_CS)
    (add_net /SAMD21uC/ADC_SCLK)
    (add_net /SAMD21uC/ADC_SDI)
    (add_net /SAMD21uC/ADC_SDO)
    (add_net /SAMD21uC/ADC_Sensors/2V5_VREF)
    (add_net /SAMD21uC/ADC_Sensors/3V3_EN)
    (add_net /SAMD21uC/ADC_Sensors/3V3_FILT)
    (add_net /SAMD21uC/ADC_Sensors/5V_FILT)
    (add_net /SAMD21uC/ADC_Sensors/ADC_S0)
    (add_net /SAMD21uC/ADC_Sensors/ADC_S3)
    (add_net /SAMD21uC/ADC_Sensors/AINP)
    (add_net /SAMD21uC/ADC_Sensors/MXO)
    (add_net /SAMD21uC/ADC_Sensors/TC_VREF)
    (add_net /SAMD21uC/ADC_Sensors/Thermocouple/OUT1)
    (add_net /SAMD21uC/ADC_Sensors/Thermocouple/OUT2)
    (add_net /SAMD21uC/ADC_Sensors/Thermocouple/TC_VREF)
    (add_net /SAMD21uC/ADC_Sensors/VREF_EN)
    (add_net /SAMD21uC/EXT_SPI_CS0)
    (add_net /SAMD21uC/EXT_SPI_CS1)
    (add_net /SAMD21uC/EXT_SPI_SCLK)
    (add_net /SAMD21uC/EXT_SPI_SDI)
    (add_net /SAMD21uC/EXT_SPI_SDO)
    (add_net /SAMD21uC/~RESET)
    (add_net "/Wiznet Ethernet/1V20")
    (add_net "/Wiznet Ethernet/1V2_VBG_NC")
    (add_net "/Wiznet Ethernet/3V3D_W5500")
    (add_net "/Wiznet Ethernet/ACT_LED")
    (add_net "/Wiznet Ethernet/ACT_LED_R")
    (add_net "/Wiznet Ethernet/DUP_LED_NC")
    (add_net "/Wiznet Ethernet/LINK_LED")
    (add_net "/Wiznet Ethernet/LINK_LED_R")
    (add_net "/Wiznet Ethernet/PMODE0")
    (add_net "/Wiznet Ethernet/PMODE1")
    (add_net "/Wiznet Ethernet/PMODE2")
    (add_net "/Wiznet Ethernet/REF_CAP")
    (add_net "/Wiznet Ethernet/REF_RES")
    (add_net "/Wiznet Ethernet/RSVD0")
    (add_net "/Wiznet Ethernet/RSVD1")
    (add_net "/Wiznet Ethernet/RSVD2")
    (add_net "/Wiznet Ethernet/RSVD3")
    (add_net "/Wiznet Ethernet/RSVD4")
    (add_net "/Wiznet Ethernet/RSVD5")
    (add_net "/Wiznet Ethernet/RX_C_N")
    (add_net "/Wiznet Ethernet/RX_C_P")
    (add_net "/Wiznet Ethernet/RX_N")
    (add_net "/Wiznet Ethernet/RX_P")
    (add_net "/Wiznet Ethernet/SPD_LED_NC")
    (add_net "/Wiznet Ethernet/TCT_RCT")
    (add_net "/Wiznet Ethernet/TX_N")
    (add_net "/Wiznet Ethernet/TX_P")
    (add_net "/Wiznet Ethernet/TX_R_N")
    (add_net "/Wiznet Ethernet/TX_R_P")
    (add_net "/Wiznet Ethernet/XTAL_IN")
    (add_net "/Wiznet Ethernet/XTAL_OUT")
    (add_net 3V3A_W5500)
    (add_net 3V3_FILT)
    (add_net COOL_PUMP_CTRL_1)
    (add_net COOL_PUMP_CTRL_2)
    (add_net CoolingP1_Current)
    (add_net CoolingP2_Current)
    (add_net GND)
    (add_net HP12V_VSense)
    (add_net HPBAT_VSense)
    (add_net HPBAT_Voltage)
    (add_net HPBatt_Current)
    (add_net INVERTER_CTRL)
    (add_net Inverter12V_Current)
    (add_net LP12V_Output_Current)
    (add_net LP12V_VSense)
    (add_net LP24V_VSense)
    (add_net LP5V_Output_Current)
    (add_net LP5V_VSense)
    (add_net LPBAT_VSense)
    (add_net LPBAT_Voltage)
    (add_net LPBatt_Current)
    (add_net NETW_CS)
    (add_net NETW_INT_L)
    (add_net NETW_MISO)
    (add_net NETW_MOSI)
    (add_net NETW_RESET_L)
    (add_net NETW_SCLK)
    (add_net "Net-(C1000-Pad2)")
    (add_net "Net-(C1001-Pad2)")
    (add_net "Net-(C1003-Pad2)")
    (add_net "Net-(C1004-Pad2)")
    (add_net "Net-(C1104-Pad1)")
    (add_net "Net-(C1104-Pad2)")
    (add_net "Net-(C1110-Pad1)")
    (add_net "Net-(C17-Pad1)")
    (add_net "Net-(C19-Pad2)")
    (add_net "Net-(C20-Pad2)")
    (add_net "Net-(C508-Pad1)")
    (add_net "Net-(C509-Pad1)")
    (add_net "Net-(C602-Pad2)")
    (add_net "Net-(C605-Pad1)")
    (add_net "Net-(C606-Pad1)")
    (add_net "Net-(C607-Pad1)")
    (add_net "Net-(C805-Pad1)")
    (add_net "Net-(C805-Pad2)")
    (add_net "Net-(C806-Pad1)")
    (add_net "Net-(C806-Pad2)")
    (add_net "Net-(D201-Pad1)")
    (add_net "Net-(D201-Pad2)")
    (add_net "Net-(D202-Pad1)")
    (add_net "Net-(D202-Pad2)")
    (add_net "Net-(D501-Pad2)")
    (add_net "Net-(D502-Pad1)")
    (add_net "Net-(D502-Pad2)")
    (add_net "Net-(D701-Pad2)")
    (add_net "Net-(D702-Pad2)")
    (add_net "Net-(D703-Pad2)")
    (add_net "Net-(D704-Pad2)")
    (add_net "Net-(D705-Pad2)")
    (add_net "Net-(F201-Pad2)")
    (add_net "Net-(F202-Pad2)")
    (add_net "Net-(F302-Pad1)")
    (add_net "Net-(F302-Pad2)")
    (add_net "Net-(F303-Pad1)")
    (add_net "Net-(F303-Pad2)")
    (add_net "Net-(F304-Pad1)")
    (add_net "Net-(F304-Pad2)")
    (add_net "Net-(F305-Pad1)")
    (add_net "Net-(F305-Pad2)")
    (add_net "Net-(F306-Pad1)")
    (add_net "Net-(F307-Pad1)")
    (add_net "Net-(F307-Pad2)")
    (add_net "Net-(F308-Pad1)")
    (add_net "Net-(F308-Pad2)")
    (add_net "Net-(F309-Pad1)")
    (add_net "Net-(F310-Pad1)")
    (add_net "Net-(F501-Pad1)")
    (add_net "Net-(F501-Pad2)")
    (add_net "Net-(J1000-Pad1)")
    (add_net "Net-(J1000-Pad2)")
    (add_net "Net-(J1001-Pad1)")
    (add_net "Net-(J1001-Pad2)")
    (add_net "Net-(J308-Pad1)")
    (add_net "Net-(J310-Pad1)")
    (add_net "Net-(J314-Pad1)")
    (add_net "Net-(J601-PadSH)")
    (add_net "Net-(L701-Pad1)")
    (add_net "Net-(L701-Pad2)")
    (add_net "Net-(L702-Pad1)")
    (add_net "Net-(L702-Pad2)")
    (add_net "Net-(L703-Pad1)")
    (add_net "Net-(L703-Pad2)")
    (add_net "Net-(Q201-Pad1)")
    (add_net "Net-(Q202-Pad1)")
    (add_net "Net-(R1100-Pad2)")
    (add_net "Net-(R1101-Pad1)")
    (add_net "Net-(R1101-Pad2)")
    (add_net "Net-(R1102-Pad2)")
    (add_net "Net-(R14-Pad1)")
    (add_net "Net-(R14-Pad2)")
    (add_net "Net-(R16-Pad1)")
    (add_net "Net-(R16-Pad2)")
    (add_net "Net-(R201-Pad1)")
    (add_net "Net-(R202-Pad1)")
    (add_net "Net-(R301-Pad1)")
    (add_net "Net-(R302-Pad1)")
    (add_net "Net-(R303-Pad1)")
    (add_net "Net-(R304-Pad1)")
    (add_net "Net-(R305-Pad1)")
    (add_net "Net-(R306-Pad1)")
    (add_net "Net-(R701-Pad1)")
    (add_net "Net-(R701-Pad2)")
    (add_net "Net-(R801-Pad2)")
    (add_net "Net-(R900-Pad2)")
    (add_net "Net-(R901-Pad2)")
    (add_net "Net-(R904-Pad2)")
    (add_net "Net-(R907-Pad1)")
    (add_net Nodes_Current)
    (add_net SWCLK)
    (add_net SWDIO)
    (add_net USB+)
    (add_net USB-)
    (add_net ~RESET~)
  )

  (module Resistors_SMD:R_0805_HandSoldering (layer Mixed.Cu) (tedit 58E0A804) (tstamp 5CD26EF4)
    (at 105.15 59)
    (descr "Resistor SMD 0805, hand soldering")
    (tags "resistor 0805")
    (path /5BFB304F/5C8A313B/5C842B49/5C850ACF)
    (attr smd)
    (fp_text reference R1006 (at 4.85 0.25) (layer B.SilkS)
      (effects (font (size 1 1) (thickness 0.15)) (justify mirror))
    )
    (fp_text value 0 (at 0 -1.75) (layer B.Fab)
      (effects (font (size 1 1) (thickness 0.15)) (justify mirror))
    )
    (fp_text user %R (at 0 0) (layer B.Fab)
      (effects (font (size 0.5 0.5) (thickness 0.075)) (justify mirror))
    )
    (fp_line (start -1 -0.62) (end -1 0.62) (layer B.Fab) (width 0.1))
    (fp_line (start 1 -0.62) (end -1 -0.62) (layer B.Fab) (width 0.1))
    (fp_line (start 1 0.62) (end 1 -0.62) (layer B.Fab) (width 0.1))
    (fp_line (start -1 0.62) (end 1 0.62) (layer B.Fab) (width 0.1))
    (fp_line (start 0.6 -0.88) (end -0.6 -0.88) (layer B.SilkS) (width 0.12))
    (fp_line (start -0.6 0.88) (end 0.6 0.88) (layer B.SilkS) (width 0.12))
    (fp_line (start -2.35 0.9) (end 2.35 0.9) (layer B.CrtYd) (width 0.05))
    (fp_line (start -2.35 0.9) (end -2.35 -0.9) (layer B.CrtYd) (width 0.05))
    (fp_line (start 2.35 -0.9) (end 2.35 0.9) (layer B.CrtYd) (width 0.05))
    (fp_line (start 2.35 -0.9) (end -2.35 -0.9) (layer B.CrtYd) (width 0.05))
    (pad 1 smd rect (at -1.35 0) (size 1.5 1.3) (layers Mixed.Cu B.Paste B.Mask)
      (net 161 /SAMD21uC/ADC_Sensors/Thermocouple/OUT2))
    (pad 2 smd rect (at 1.35 0) (size 1.5 1.3) (layers Mixed.Cu B.Paste B.Mask)
      (net 150 "Net-(J1001-Pad1)"))
    (model ${KISYS3DMOD}/Resistors_SMD.3dshapes/R_0805.wrl
      (at (xyz 0 0 0))
      (scale (xyz 1 1 1))
      (rotate (xyz 0 0 0))
    )
  )

  (module Capacitor_SMD:C_0805_2012Metric_Pad1.15x1.40mm_HandSolder (layer Mixed.Cu) (tedit 5B36C52B) (tstamp 5CD27DD0)
    (at 137.01 60.785 90)
    (descr "Capacitor SMD 0805 (2012 Metric), square (rectangular) end terminal, IPC_7351 nominal with elongated pad for handsoldering. (Body size source: https://docs.google.com/spreadsheets/d/1BsfQQcO9C6DZCsRaXUlFlo91Tg2WpOkGARC1WS5S8t0/edit?usp=sharing), generated with kicad-footprint-generator")
    (tags "capacitor handsolder")
    (path /5BFB304F/5D677FCB)
    (attr smd)
    (fp_text reference C501 (at 4.285 0.24 90) (layer B.SilkS)
      (effects (font (size 1 1) (thickness 0.15)) (justify mirror))
    )
    (fp_text value 10uF (at 0 -1.65 90) (layer B.Fab)
      (effects (font (size 1 1) (thickness 0.15)) (justify mirror))
    )
    (fp_line (start -1 -0.6) (end -1 0.6) (layer B.Fab) (width 0.1))
    (fp_line (start -1 0.6) (end 1 0.6) (layer B.Fab) (width 0.1))
    (fp_line (start 1 0.6) (end 1 -0.6) (layer B.Fab) (width 0.1))
    (fp_line (start 1 -0.6) (end -1 -0.6) (layer B.Fab) (width 0.1))
    (fp_line (start -0.261252 0.71) (end 0.261252 0.71) (layer B.SilkS) (width 0.12))
    (fp_line (start -0.261252 -0.71) (end 0.261252 -0.71) (layer B.SilkS) (width 0.12))
    (fp_line (start -1.85 -0.95) (end -1.85 0.95) (layer B.CrtYd) (width 0.05))
    (fp_line (start -1.85 0.95) (end 1.85 0.95) (layer B.CrtYd) (width 0.05))
    (fp_line (start 1.85 0.95) (end 1.85 -0.95) (layer B.CrtYd) (width 0.05))
    (fp_line (start 1.85 -0.95) (end -1.85 -0.95) (layer B.CrtYd) (width 0.05))
    (fp_text user %R (at 0 0 90) (layer B.Fab)
      (effects (font (size 0.5 0.5) (thickness 0.08)) (justify mirror))
    )
    (pad 1 smd roundrect (at -1.025 0 90) (size 1.15 1.4) (layers Mixed.Cu B.Paste B.Mask) (roundrect_rratio 0.217391)
      (net 2 +3V3))
    (pad 2 smd roundrect (at 1.025 0 90) (size 1.15 1.4) (layers Mixed.Cu B.Paste B.Mask) (roundrect_rratio 0.217391)
      (net 1 GND))
    (model ${KISYS3DMOD}/Capacitor_SMD.3dshapes/C_0805_2012Metric.wrl
      (at (xyz 0 0 0))
      (scale (xyz 1 1 1))
      (rotate (xyz 0 0 0))
    )
  )

  (module Capacitor_SMD:C_0805_2012Metric_Pad1.15x1.40mm_HandSolder (layer Mixed.Cu) (tedit 5B36C52B) (tstamp 5CD27E60)
    (at 134.46 60.785 90)
    (descr "Capacitor SMD 0805 (2012 Metric), square (rectangular) end terminal, IPC_7351 nominal with elongated pad for handsoldering. (Body size source: https://docs.google.com/spreadsheets/d/1BsfQQcO9C6DZCsRaXUlFlo91Tg2WpOkGARC1WS5S8t0/edit?usp=sharing), generated with kicad-footprint-generator")
    (tags "capacitor handsolder")
    (path /5BFB304F/5D678057)
    (attr smd)
    (fp_text reference C502 (at 4.285 0.29 90) (layer B.SilkS)
      (effects (font (size 1 1) (thickness 0.15)) (justify mirror))
    )
    (fp_text value 0.1uF (at 0 -1.65 90) (layer B.Fab)
      (effects (font (size 1 1) (thickness 0.15)) (justify mirror))
    )
    (fp_text user %R (at 0 0 90) (layer B.Fab)
      (effects (font (size 0.5 0.5) (thickness 0.08)) (justify mirror))
    )
    (fp_line (start 1.85 -0.95) (end -1.85 -0.95) (layer B.CrtYd) (width 0.05))
    (fp_line (start 1.85 0.95) (end 1.85 -0.95) (layer B.CrtYd) (width 0.05))
    (fp_line (start -1.85 0.95) (end 1.85 0.95) (layer B.CrtYd) (width 0.05))
    (fp_line (start -1.85 -0.95) (end -1.85 0.95) (layer B.CrtYd) (width 0.05))
    (fp_line (start -0.261252 -0.71) (end 0.261252 -0.71) (layer B.SilkS) (width 0.12))
    (fp_line (start -0.261252 0.71) (end 0.261252 0.71) (layer B.SilkS) (width 0.12))
    (fp_line (start 1 -0.6) (end -1 -0.6) (layer B.Fab) (width 0.1))
    (fp_line (start 1 0.6) (end 1 -0.6) (layer B.Fab) (width 0.1))
    (fp_line (start -1 0.6) (end 1 0.6) (layer B.Fab) (width 0.1))
    (fp_line (start -1 -0.6) (end -1 0.6) (layer B.Fab) (width 0.1))
    (pad 2 smd roundrect (at 1.025 0 90) (size 1.15 1.4) (layers Mixed.Cu B.Paste B.Mask) (roundrect_rratio 0.217391)
      (net 1 GND))
    (pad 1 smd roundrect (at -1.025 0 90) (size 1.15 1.4) (layers Mixed.Cu B.Paste B.Mask) (roundrect_rratio 0.217391)
      (net 2 +3V3))
    (model ${KISYS3DMOD}/Capacitor_SMD.3dshapes/C_0805_2012Metric.wrl
      (at (xyz 0 0 0))
      (scale (xyz 1 1 1))
      (rotate (xyz 0 0 0))
    )
  )

  (module Capacitor_SMD:C_0805_2012Metric_Pad1.15x1.40mm_HandSolder (layer Mixed.Cu) (tedit 5B36C52B) (tstamp 5CD27E90)
    (at 131.46 60.785 90)
    (descr "Capacitor SMD 0805 (2012 Metric), square (rectangular) end terminal, IPC_7351 nominal with elongated pad for handsoldering. (Body size source: https://docs.google.com/spreadsheets/d/1BsfQQcO9C6DZCsRaXUlFlo91Tg2WpOkGARC1WS5S8t0/edit?usp=sharing), generated with kicad-footprint-generator")
    (tags "capacitor handsolder")
    (path /5BFB304F/5D67A8B9)
    (attr smd)
    (fp_text reference C503 (at 4.035 0.04 90) (layer B.SilkS)
      (effects (font (size 1 1) (thickness 0.15)) (justify mirror))
    )
    (fp_text value 0.1uF (at 0 -1.65 90) (layer B.Fab)
      (effects (font (size 1 1) (thickness 0.15)) (justify mirror))
    )
    (fp_line (start -1 -0.6) (end -1 0.6) (layer B.Fab) (width 0.1))
    (fp_line (start -1 0.6) (end 1 0.6) (layer B.Fab) (width 0.1))
    (fp_line (start 1 0.6) (end 1 -0.6) (layer B.Fab) (width 0.1))
    (fp_line (start 1 -0.6) (end -1 -0.6) (layer B.Fab) (width 0.1))
    (fp_line (start -0.261252 0.71) (end 0.261252 0.71) (layer B.SilkS) (width 0.12))
    (fp_line (start -0.261252 -0.71) (end 0.261252 -0.71) (layer B.SilkS) (width 0.12))
    (fp_line (start -1.85 -0.95) (end -1.85 0.95) (layer B.CrtYd) (width 0.05))
    (fp_line (start -1.85 0.95) (end 1.85 0.95) (layer B.CrtYd) (width 0.05))
    (fp_line (start 1.85 0.95) (end 1.85 -0.95) (layer B.CrtYd) (width 0.05))
    (fp_line (start 1.85 -0.95) (end -1.85 -0.95) (layer B.CrtYd) (width 0.05))
    (fp_text user %R (at 0 0 90) (layer B.Fab)
      (effects (font (size 0.5 0.5) (thickness 0.08)) (justify mirror))
    )
    (pad 1 smd roundrect (at -1.025 0 90) (size 1.15 1.4) (layers Mixed.Cu B.Paste B.Mask) (roundrect_rratio 0.217391)
      (net 2 +3V3))
    (pad 2 smd roundrect (at 1.025 0 90) (size 1.15 1.4) (layers Mixed.Cu B.Paste B.Mask) (roundrect_rratio 0.217391)
      (net 1 GND))
    (model ${KISYS3DMOD}/Capacitor_SMD.3dshapes/C_0805_2012Metric.wrl
      (at (xyz 0 0 0))
      (scale (xyz 1 1 1))
      (rotate (xyz 0 0 0))
    )
  )

  (module Capacitor_SMD:C_0805_2012Metric_Pad1.15x1.40mm_HandSolder (layer Mixed.Cu) (tedit 5B36C52B) (tstamp 5CD27E00)
    (at 129.213655 15.891397 90)
    (descr "Capacitor SMD 0805 (2012 Metric), square (rectangular) end terminal, IPC_7351 nominal with elongated pad for handsoldering. (Body size source: https://docs.google.com/spreadsheets/d/1BsfQQcO9C6DZCsRaXUlFlo91Tg2WpOkGARC1WS5S8t0/edit?usp=sharing), generated with kicad-footprint-generator")
    (tags "capacitor handsolder")
    (path /5BFB304F/5D55364F)
    (attr smd)
    (fp_text reference C504 (at 0 1.65 90) (layer B.SilkS)
      (effects (font (size 1 1) (thickness 0.15)) (justify mirror))
    )
    (fp_text value 10uF (at 0 -1.65 90) (layer B.Fab)
      (effects (font (size 1 1) (thickness 0.15)) (justify mirror))
    )
    (fp_line (start -1 -0.6) (end -1 0.6) (layer B.Fab) (width 0.1))
    (fp_line (start -1 0.6) (end 1 0.6) (layer B.Fab) (width 0.1))
    (fp_line (start 1 0.6) (end 1 -0.6) (layer B.Fab) (width 0.1))
    (fp_line (start 1 -0.6) (end -1 -0.6) (layer B.Fab) (width 0.1))
    (fp_line (start -0.261252 0.71) (end 0.261252 0.71) (layer B.SilkS) (width 0.12))
    (fp_line (start -0.261252 -0.71) (end 0.261252 -0.71) (layer B.SilkS) (width 0.12))
    (fp_line (start -1.85 -0.95) (end -1.85 0.95) (layer B.CrtYd) (width 0.05))
    (fp_line (start -1.85 0.95) (end 1.85 0.95) (layer B.CrtYd) (width 0.05))
    (fp_line (start 1.85 0.95) (end 1.85 -0.95) (layer B.CrtYd) (width 0.05))
    (fp_line (start 1.85 -0.95) (end -1.85 -0.95) (layer B.CrtYd) (width 0.05))
    (fp_text user %R (at 0 0 90) (layer B.Fab)
      (effects (font (size 0.5 0.5) (thickness 0.08)) (justify mirror))
    )
    (pad 1 smd roundrect (at -1.025 0 90) (size 1.15 1.4) (layers Mixed.Cu B.Paste B.Mask) (roundrect_rratio 0.217391)
      (net 3 "/Power Conversion/USB5V"))
    (pad 2 smd roundrect (at 1.025 0 90) (size 1.15 1.4) (layers Mixed.Cu B.Paste B.Mask) (roundrect_rratio 0.217391)
      (net 1 GND))
    (model ${KISYS3DMOD}/Capacitor_SMD.3dshapes/C_0805_2012Metric.wrl
      (at (xyz 0 0 0))
      (scale (xyz 1 1 1))
      (rotate (xyz 0 0 0))
    )
  )

  (module Capacitor_SMD:C_0805_2012Metric_Pad1.15x1.40mm_HandSolder (layer Mixed.Cu) (tedit 5B36C52B) (tstamp 5CD27EF0)
    (at 132.713655 15.891397 90)
    (descr "Capacitor SMD 0805 (2012 Metric), square (rectangular) end terminal, IPC_7351 nominal with elongated pad for handsoldering. (Body size source: https://docs.google.com/spreadsheets/d/1BsfQQcO9C6DZCsRaXUlFlo91Tg2WpOkGARC1WS5S8t0/edit?usp=sharing), generated with kicad-footprint-generator")
    (tags "capacitor handsolder")
    (path /5BFB304F/5D553655)
    (attr smd)
    (fp_text reference C505 (at 0 1.65 90) (layer B.SilkS)
      (effects (font (size 1 1) (thickness 0.15)) (justify mirror))
    )
    (fp_text value 1uF (at 0 -1.65 90) (layer B.Fab)
      (effects (font (size 1 1) (thickness 0.15)) (justify mirror))
    )
    (fp_text user %R (at 0 0 90) (layer B.Fab)
      (effects (font (size 0.5 0.5) (thickness 0.08)) (justify mirror))
    )
    (fp_line (start 1.85 -0.95) (end -1.85 -0.95) (layer B.CrtYd) (width 0.05))
    (fp_line (start 1.85 0.95) (end 1.85 -0.95) (layer B.CrtYd) (width 0.05))
    (fp_line (start -1.85 0.95) (end 1.85 0.95) (layer B.CrtYd) (width 0.05))
    (fp_line (start -1.85 -0.95) (end -1.85 0.95) (layer B.CrtYd) (width 0.05))
    (fp_line (start -0.261252 -0.71) (end 0.261252 -0.71) (layer B.SilkS) (width 0.12))
    (fp_line (start -0.261252 0.71) (end 0.261252 0.71) (layer B.SilkS) (width 0.12))
    (fp_line (start 1 -0.6) (end -1 -0.6) (layer B.Fab) (width 0.1))
    (fp_line (start 1 0.6) (end 1 -0.6) (layer B.Fab) (width 0.1))
    (fp_line (start -1 0.6) (end 1 0.6) (layer B.Fab) (width 0.1))
    (fp_line (start -1 -0.6) (end -1 0.6) (layer B.Fab) (width 0.1))
    (pad 2 smd roundrect (at 1.025 0 90) (size 1.15 1.4) (layers Mixed.Cu B.Paste B.Mask) (roundrect_rratio 0.217391)
      (net 1 GND))
    (pad 1 smd roundrect (at -1.025 0 90) (size 1.15 1.4) (layers Mixed.Cu B.Paste B.Mask) (roundrect_rratio 0.217391)
      (net 3 "/Power Conversion/USB5V"))
    (model ${KISYS3DMOD}/Capacitor_SMD.3dshapes/C_0805_2012Metric.wrl
      (at (xyz 0 0 0))
      (scale (xyz 1 1 1))
      (rotate (xyz 0 0 0))
    )
  )

  (module Capacitor_SMD:C_0805_2012Metric_Pad1.15x1.40mm_HandSolder (layer Mixed.Cu) (tedit 5B36C52B) (tstamp 5CD27DA0)
    (at 124.71 60.785 90)
    (descr "Capacitor SMD 0805 (2012 Metric), square (rectangular) end terminal, IPC_7351 nominal with elongated pad for handsoldering. (Body size source: https://docs.google.com/spreadsheets/d/1BsfQQcO9C6DZCsRaXUlFlo91Tg2WpOkGARC1WS5S8t0/edit?usp=sharing), generated with kicad-footprint-generator")
    (tags "capacitor handsolder")
    (path /5BFB304F/5D54157C)
    (attr smd)
    (fp_text reference C506 (at -4.215 0.04 90) (layer B.SilkS)
      (effects (font (size 1 1) (thickness 0.15)) (justify mirror))
    )
    (fp_text value 10uF (at 0 -1.65 90) (layer B.Fab)
      (effects (font (size 1 1) (thickness 0.15)) (justify mirror))
    )
    (fp_line (start -1 -0.6) (end -1 0.6) (layer B.Fab) (width 0.1))
    (fp_line (start -1 0.6) (end 1 0.6) (layer B.Fab) (width 0.1))
    (fp_line (start 1 0.6) (end 1 -0.6) (layer B.Fab) (width 0.1))
    (fp_line (start 1 -0.6) (end -1 -0.6) (layer B.Fab) (width 0.1))
    (fp_line (start -0.261252 0.71) (end 0.261252 0.71) (layer B.SilkS) (width 0.12))
    (fp_line (start -0.261252 -0.71) (end 0.261252 -0.71) (layer B.SilkS) (width 0.12))
    (fp_line (start -1.85 -0.95) (end -1.85 0.95) (layer B.CrtYd) (width 0.05))
    (fp_line (start -1.85 0.95) (end 1.85 0.95) (layer B.CrtYd) (width 0.05))
    (fp_line (start 1.85 0.95) (end 1.85 -0.95) (layer B.CrtYd) (width 0.05))
    (fp_line (start 1.85 -0.95) (end -1.85 -0.95) (layer B.CrtYd) (width 0.05))
    (fp_text user %R (at 0 0 90) (layer B.Fab)
      (effects (font (size 0.5 0.5) (thickness 0.08)) (justify mirror))
    )
    (pad 1 smd roundrect (at -1.025 0 90) (size 1.15 1.4) (layers Mixed.Cu B.Paste B.Mask) (roundrect_rratio 0.217391)
      (net 4 3V3_FILT))
    (pad 2 smd roundrect (at 1.025 0 90) (size 1.15 1.4) (layers Mixed.Cu B.Paste B.Mask) (roundrect_rratio 0.217391)
      (net 1 GND))
    (model ${KISYS3DMOD}/Capacitor_SMD.3dshapes/C_0805_2012Metric.wrl
      (at (xyz 0 0 0))
      (scale (xyz 1 1 1))
      (rotate (xyz 0 0 0))
    )
  )

  (module Capacitor_SMD:C_0805_2012Metric_Pad1.15x1.40mm_HandSolder (layer Mixed.Cu) (tedit 5B36C52B) (tstamp 5CD27E30)
    (at 121.46 60.785 90)
    (descr "Capacitor SMD 0805 (2012 Metric), square (rectangular) end terminal, IPC_7351 nominal with elongated pad for handsoldering. (Body size source: https://docs.google.com/spreadsheets/d/1BsfQQcO9C6DZCsRaXUlFlo91Tg2WpOkGARC1WS5S8t0/edit?usp=sharing), generated with kicad-footprint-generator")
    (tags "capacitor handsolder")
    (path /5BFB304F/5D54164A)
    (attr smd)
    (fp_text reference C507 (at -4.215 0.04 90) (layer B.SilkS)
      (effects (font (size 1 1) (thickness 0.15)) (justify mirror))
    )
    (fp_text value 0.1uF (at 0 -1.65 90) (layer B.Fab)
      (effects (font (size 1 1) (thickness 0.15)) (justify mirror))
    )
    (fp_text user %R (at 0 0 90) (layer B.Fab)
      (effects (font (size 0.5 0.5) (thickness 0.08)) (justify mirror))
    )
    (fp_line (start 1.85 -0.95) (end -1.85 -0.95) (layer B.CrtYd) (width 0.05))
    (fp_line (start 1.85 0.95) (end 1.85 -0.95) (layer B.CrtYd) (width 0.05))
    (fp_line (start -1.85 0.95) (end 1.85 0.95) (layer B.CrtYd) (width 0.05))
    (fp_line (start -1.85 -0.95) (end -1.85 0.95) (layer B.CrtYd) (width 0.05))
    (fp_line (start -0.261252 -0.71) (end 0.261252 -0.71) (layer B.SilkS) (width 0.12))
    (fp_line (start -0.261252 0.71) (end 0.261252 0.71) (layer B.SilkS) (width 0.12))
    (fp_line (start 1 -0.6) (end -1 -0.6) (layer B.Fab) (width 0.1))
    (fp_line (start 1 0.6) (end 1 -0.6) (layer B.Fab) (width 0.1))
    (fp_line (start -1 0.6) (end 1 0.6) (layer B.Fab) (width 0.1))
    (fp_line (start -1 -0.6) (end -1 0.6) (layer B.Fab) (width 0.1))
    (pad 2 smd roundrect (at 1.025 0 90) (size 1.15 1.4) (layers Mixed.Cu B.Paste B.Mask) (roundrect_rratio 0.217391)
      (net 1 GND))
    (pad 1 smd roundrect (at -1.025 0 90) (size 1.15 1.4) (layers Mixed.Cu B.Paste B.Mask) (roundrect_rratio 0.217391)
      (net 4 3V3_FILT))
    (model ${KISYS3DMOD}/Capacitor_SMD.3dshapes/C_0805_2012Metric.wrl
      (at (xyz 0 0 0))
      (scale (xyz 1 1 1))
      (rotate (xyz 0 0 0))
    )
  )

  (module Capacitor_SMD:C_0805_2012Metric_Pad1.15x1.40mm_HandSolder (layer Mixed.Cu) (tedit 5B36C52B) (tstamp 5CD27EC0)
    (at 130.46 40.56 90)
    (descr "Capacitor SMD 0805 (2012 Metric), square (rectangular) end terminal, IPC_7351 nominal with elongated pad for handsoldering. (Body size source: https://docs.google.com/spreadsheets/d/1BsfQQcO9C6DZCsRaXUlFlo91Tg2WpOkGARC1WS5S8t0/edit?usp=sharing), generated with kicad-footprint-generator")
    (tags "capacitor handsolder")
    (path /5BFB304F/5D538FA7)
    (attr smd)
    (fp_text reference C510 (at -4.19 0.04 90) (layer B.SilkS)
      (effects (font (size 1 1) (thickness 0.15)) (justify mirror))
    )
    (fp_text value 1uF (at 0 -1.65 90) (layer B.Fab)
      (effects (font (size 1 1) (thickness 0.15)) (justify mirror))
    )
    (fp_line (start -1 -0.6) (end -1 0.6) (layer B.Fab) (width 0.1))
    (fp_line (start -1 0.6) (end 1 0.6) (layer B.Fab) (width 0.1))
    (fp_line (start 1 0.6) (end 1 -0.6) (layer B.Fab) (width 0.1))
    (fp_line (start 1 -0.6) (end -1 -0.6) (layer B.Fab) (width 0.1))
    (fp_line (start -0.261252 0.71) (end 0.261252 0.71) (layer B.SilkS) (width 0.12))
    (fp_line (start -0.261252 -0.71) (end 0.261252 -0.71) (layer B.SilkS) (width 0.12))
    (fp_line (start -1.85 -0.95) (end -1.85 0.95) (layer B.CrtYd) (width 0.05))
    (fp_line (start -1.85 0.95) (end 1.85 0.95) (layer B.CrtYd) (width 0.05))
    (fp_line (start 1.85 0.95) (end 1.85 -0.95) (layer B.CrtYd) (width 0.05))
    (fp_line (start 1.85 -0.95) (end -1.85 -0.95) (layer B.CrtYd) (width 0.05))
    (fp_text user %R (at 0 0 90) (layer B.Fab)
      (effects (font (size 0.5 0.5) (thickness 0.08)) (justify mirror))
    )
    (pad 1 smd roundrect (at -1.025 0 90) (size 1.15 1.4) (layers Mixed.Cu B.Paste B.Mask) (roundrect_rratio 0.217391)
      (net 136 "Net-(C17-Pad1)"))
    (pad 2 smd roundrect (at 1.025 0 90) (size 1.15 1.4) (layers Mixed.Cu B.Paste B.Mask) (roundrect_rratio 0.217391)
      (net 1 GND))
    (model ${KISYS3DMOD}/Capacitor_SMD.3dshapes/C_0805_2012Metric.wrl
      (at (xyz 0 0 0))
      (scale (xyz 1 1 1))
      (rotate (xyz 0 0 0))
    )
  )

  (module Capacitor_SMD:C_0805_2012Metric_Pad1.15x1.40mm_HandSolder (layer Mixed.Cu) (tedit 5B36C52B) (tstamp 5C665180)
    (at 53.975 22.25)
    (descr "Capacitor SMD 0805 (2012 Metric), square (rectangular) end terminal, IPC_7351 nominal with elongated pad for handsoldering. (Body size source: https://docs.google.com/spreadsheets/d/1BsfQQcO9C6DZCsRaXUlFlo91Tg2WpOkGARC1WS5S8t0/edit?usp=sharing), generated with kicad-footprint-generator")
    (tags "capacitor handsolder")
    (path /5BFB3065/59C976CA)
    (attr smd)
    (fp_text reference C601 (at -0.225 2) (layer B.SilkS)
      (effects (font (size 1 1) (thickness 0.15)) (justify mirror))
    )
    (fp_text value 18pF (at 0 -1.65) (layer B.Fab)
      (effects (font (size 1 1) (thickness 0.15)) (justify mirror))
    )
    (fp_line (start -1 -0.6) (end -1 0.6) (layer B.Fab) (width 0.1))
    (fp_line (start -1 0.6) (end 1 0.6) (layer B.Fab) (width 0.1))
    (fp_line (start 1 0.6) (end 1 -0.6) (layer B.Fab) (width 0.1))
    (fp_line (start 1 -0.6) (end -1 -0.6) (layer B.Fab) (width 0.1))
    (fp_line (start -0.261252 0.71) (end 0.261252 0.71) (layer B.SilkS) (width 0.12))
    (fp_line (start -0.261252 -0.71) (end 0.261252 -0.71) (layer B.SilkS) (width 0.12))
    (fp_line (start -1.85 -0.95) (end -1.85 0.95) (layer B.CrtYd) (width 0.05))
    (fp_line (start -1.85 0.95) (end 1.85 0.95) (layer B.CrtYd) (width 0.05))
    (fp_line (start 1.85 0.95) (end 1.85 -0.95) (layer B.CrtYd) (width 0.05))
    (fp_line (start 1.85 -0.95) (end -1.85 -0.95) (layer B.CrtYd) (width 0.05))
    (fp_text user %R (at 0 0) (layer B.Fab)
      (effects (font (size 0.5 0.5) (thickness 0.08)) (justify mirror))
    )
    (pad 1 smd roundrect (at -1.025 0) (size 1.15 1.4) (layers Mixed.Cu B.Paste B.Mask) (roundrect_rratio 0.217391)
      (net 1 GND))
    (pad 2 smd roundrect (at 1.025 0) (size 1.15 1.4) (layers Mixed.Cu B.Paste B.Mask) (roundrect_rratio 0.217391)
      (net 82 "/Wiznet Ethernet/XTAL_IN"))
    (model ${KISYS3DMOD}/Capacitor_SMD.3dshapes/C_0805_2012Metric.wrl
      (at (xyz 0 0 0))
      (scale (xyz 1 1 1))
      (rotate (xyz 0 0 0))
    )
  )

  (module Capacitor_SMD:C_0805_2012Metric_Pad1.15x1.40mm_HandSolder (layer Mixed.Cu) (tedit 5B36C52B) (tstamp 5C665191)
    (at 53.975 19.75)
    (descr "Capacitor SMD 0805 (2012 Metric), square (rectangular) end terminal, IPC_7351 nominal with elongated pad for handsoldering. (Body size source: https://docs.google.com/spreadsheets/d/1BsfQQcO9C6DZCsRaXUlFlo91Tg2WpOkGARC1WS5S8t0/edit?usp=sharing), generated with kicad-footprint-generator")
    (tags "capacitor handsolder")
    (path /5BFB3065/59C97669)
    (attr smd)
    (fp_text reference C602 (at 0 -2) (layer B.SilkS)
      (effects (font (size 1 1) (thickness 0.15)) (justify mirror))
    )
    (fp_text value 18pF (at 0 -1.65) (layer B.Fab)
      (effects (font (size 1 1) (thickness 0.15)) (justify mirror))
    )
    (fp_text user %R (at 0 0) (layer B.Fab)
      (effects (font (size 0.5 0.5) (thickness 0.08)) (justify mirror))
    )
    (fp_line (start 1.85 -0.95) (end -1.85 -0.95) (layer B.CrtYd) (width 0.05))
    (fp_line (start 1.85 0.95) (end 1.85 -0.95) (layer B.CrtYd) (width 0.05))
    (fp_line (start -1.85 0.95) (end 1.85 0.95) (layer B.CrtYd) (width 0.05))
    (fp_line (start -1.85 -0.95) (end -1.85 0.95) (layer B.CrtYd) (width 0.05))
    (fp_line (start -0.261252 -0.71) (end 0.261252 -0.71) (layer B.SilkS) (width 0.12))
    (fp_line (start -0.261252 0.71) (end 0.261252 0.71) (layer B.SilkS) (width 0.12))
    (fp_line (start 1 -0.6) (end -1 -0.6) (layer B.Fab) (width 0.1))
    (fp_line (start 1 0.6) (end 1 -0.6) (layer B.Fab) (width 0.1))
    (fp_line (start -1 0.6) (end 1 0.6) (layer B.Fab) (width 0.1))
    (fp_line (start -1 -0.6) (end -1 0.6) (layer B.Fab) (width 0.1))
    (pad 2 smd roundrect (at 1.025 0) (size 1.15 1.4) (layers Mixed.Cu B.Paste B.Mask) (roundrect_rratio 0.217391)
      (net 81 "Net-(C602-Pad2)"))
    (pad 1 smd roundrect (at -1.025 0) (size 1.15 1.4) (layers Mixed.Cu B.Paste B.Mask) (roundrect_rratio 0.217391)
      (net 1 GND))
    (model ${KISYS3DMOD}/Capacitor_SMD.3dshapes/C_0805_2012Metric.wrl
      (at (xyz 0 0 0))
      (scale (xyz 1 1 1))
      (rotate (xyz 0 0 0))
    )
  )

  (module Capacitor_SMD:C_0805_2012Metric_Pad1.15x1.40mm_HandSolder (layer Mixed.Cu) (tedit 5CD1C68C) (tstamp 5C6651A2)
    (at 71.25 28.5 270)
    (descr "Capacitor SMD 0805 (2012 Metric), square (rectangular) end terminal, IPC_7351 nominal with elongated pad for handsoldering. (Body size source: https://docs.google.com/spreadsheets/d/1BsfQQcO9C6DZCsRaXUlFlo91Tg2WpOkGARC1WS5S8t0/edit?usp=sharing), generated with kicad-footprint-generator")
    (tags "capacitor handsolder")
    (path /5BFB3065/59E30EC7)
    (attr smd)
    (fp_text reference C603 (at -3 4 270) (layer B.SilkS)
      (effects (font (size 0.5 0.5) (thickness 0.125)) (justify mirror))
    )
    (fp_text value 4.7uF (at 0 -1.65 270) (layer B.Fab)
      (effects (font (size 1 1) (thickness 0.15)) (justify mirror))
    )
    (fp_line (start -1 -0.6) (end -1 0.6) (layer B.Fab) (width 0.1))
    (fp_line (start -1 0.6) (end 1 0.6) (layer B.Fab) (width 0.1))
    (fp_line (start 1 0.6) (end 1 -0.6) (layer B.Fab) (width 0.1))
    (fp_line (start 1 -0.6) (end -1 -0.6) (layer B.Fab) (width 0.1))
    (fp_line (start -0.261252 0.71) (end 0.261252 0.71) (layer B.SilkS) (width 0.12))
    (fp_line (start -0.261252 -0.71) (end 0.261252 -0.71) (layer B.SilkS) (width 0.12))
    (fp_line (start -1.85 -0.95) (end -1.85 0.95) (layer B.CrtYd) (width 0.05))
    (fp_line (start -1.85 0.95) (end 1.85 0.95) (layer B.CrtYd) (width 0.05))
    (fp_line (start 1.85 0.95) (end 1.85 -0.95) (layer B.CrtYd) (width 0.05))
    (fp_line (start 1.85 -0.95) (end -1.85 -0.95) (layer B.CrtYd) (width 0.05))
    (fp_text user %R (at 0 0 270) (layer B.Fab)
      (effects (font (size 0.5 0.5) (thickness 0.08)) (justify mirror))
    )
    (pad 1 smd roundrect (at -1.025 0 270) (size 1.15 1.4) (layers Mixed.Cu B.Paste B.Mask) (roundrect_rratio 0.217391)
      (net 128 "/Wiznet Ethernet/REF_CAP"))
    (pad 2 smd roundrect (at 1.025 0 270) (size 1.15 1.4) (layers Mixed.Cu B.Paste B.Mask) (roundrect_rratio 0.217391)
      (net 1 GND))
    (model ${KISYS3DMOD}/Capacitor_SMD.3dshapes/C_0805_2012Metric.wrl
      (at (xyz 0 0 0))
      (scale (xyz 1 1 1))
      (rotate (xyz 0 0 0))
    )
  )

  (module Capacitor_SMD:C_0805_2012Metric_Pad1.15x1.40mm_HandSolder (layer Mixed.Cu) (tedit 5B36C52B) (tstamp 5C6651B3)
    (at 68.75 28.525 270)
