(kicad_pcb (version 20171130) (host pcbnew "(5.0.1)-3")

  (general
    (thickness 1.6)
    (drawings 9)
    (tracks 0)
    (zones 0)
    (modules 251)
    (nets 206)
  )

  (page A4)
  (layers
    (0 F.Cu signal)
    (31 B.Cu signal)
    (32 B.Adhes user)
    (33 F.Adhes user)
    (34 B.Paste user)
    (35 F.Paste user)
    (36 B.SilkS user)
    (37 F.SilkS user)
    (38 B.Mask user)
    (39 F.Mask user)
    (40 Dwgs.User user)
    (41 Cmts.User user)
    (42 Eco1.User user)
    (43 Eco2.User user)
    (44 Edge.Cuts user)
    (45 Margin user)
    (46 B.CrtYd user)
    (47 F.CrtYd user)
    (48 B.Fab user)
    (49 F.Fab user)
  )

  (setup
    (last_trace_width 0.25)
    (trace_clearance 0.2)
    (zone_clearance 0.508)
    (zone_45_only no)
    (trace_min 0.2)
    (segment_width 0.2)
    (edge_width 0.15)
    (via_size 0.8)
    (via_drill 0.4)
    (via_min_size 0.4)
    (via_min_drill 0.3)
    (uvia_size 0.3)
    (uvia_drill 0.1)
    (uvias_allowed no)
    (uvia_min_size 0.2)
    (uvia_min_drill 0.1)
    (pcb_text_width 0.3)
    (pcb_text_size 1.5 1.5)
    (mod_edge_width 0.15)
    (mod_text_size 1 1)
    (mod_text_width 0.15)
    (pad_size 1.524 1.524)
    (pad_drill 0.762)
    (pad_to_mask_clearance 0.051)
    (solder_mask_min_width 0.25)
    (aux_axis_origin 0 0)
    (visible_elements 7FFFFFFF)
    (pcbplotparams
      (layerselection 0x010fc_ffffffff)
      (usegerberextensions false)
      (usegerberattributes false)
      (usegerberadvancedattributes false)
      (creategerberjobfile false)
      (excludeedgelayer true)
      (linewidth 0.100000)
      (plotframeref false)
      (viasonmask false)
      (mode 1)
      (useauxorigin false)
      (hpglpennumber 1)
      (hpglpenspeed 20)
      (hpglpendiameter 15.000000)
      (psnegative false)
      (psa4output false)
      (plotreference true)
      (plotvalue true)
      (plotinvisibletext false)
      (padsonsilk false)
      (subtractmaskfromsilk false)
      (outputformat 1)
      (mirror false)
      (drillshape 1)
      (scaleselection 1)
      (outputdirectory ""))
  )

  (net 0 "")
  (net 1 GND)
  (net 2 +3V3)
  (net 3 "/Power Conversion/USB5V")
  (net 4 3V3_FILT)
  (net 5 "Net-(C508-Pad1)")
  (net 6 "Net-(C509-Pad1)")
  (net 7 "Net-(C510-Pad1)")
  (net 8 "/Inputs and Fusing/HP_Vin+")
  (net 9 "/Inputs and Fusing/LP_Vin+")
  (net 10 "/Power Conversion/LP12V")
  (net 11 "/Power Conversion/HP12V")
  (net 12 "/Power Conversion/LP5V")
  (net 13 "Net-(C805-Pad1)")
  (net 14 "Net-(C805-Pad2)")
  (net 15 "Net-(C806-Pad2)")
  (net 16 "Net-(C806-Pad1)")
  (net 17 "/Power Conversion/LP24V")
  (net 18 "Net-(D201-Pad1)")
  (net 19 "Net-(D201-Pad2)")
  (net 20 "Net-(D202-Pad1)")
  (net 21 "Net-(D202-Pad2)")
  (net 22 "Net-(D501-Pad2)")
  (net 23 "Net-(D502-Pad1)")
  (net 24 "Net-(D502-Pad2)")
  (net 25 "Net-(D701-Pad2)")
  (net 26 "Net-(D702-Pad2)")
  (net 27 "Net-(D703-Pad2)")
  (net 28 "Net-(D704-Pad2)")
  (net 29 "Net-(D705-Pad2)")
  (net 30 LPBAT_Voltage)
  (net 31 "Net-(F201-Pad2)")
  (net 32 "Net-(F202-Pad2)")
  (net 33 HPBAT_Voltage)
  (net 34 "/Power Outputs/NAP_PoE/NAP_Vin+")
  (net 35 "Net-(F302-Pad1)")
  (net 36 "Net-(F302-Pad2)")
  (net 37 "Net-(F303-Pad2)")
  (net 38 "Net-(F303-Pad1)")
  (net 39 "Net-(F304-Pad1)")
  (net 40 "Net-(F304-Pad2)")
  (net 41 "Net-(F305-Pad1)")
  (net 42 "Net-(F305-Pad2)")
  (net 43 "Net-(F306-Pad1)")
  (net 44 "Net-(F307-Pad1)")
  (net 45 "Net-(F307-Pad2)")
  (net 46 "Net-(F308-Pad1)")
  (net 47 "Net-(F308-Pad2)")
  (net 48 "Net-(F309-Pad1)")
  (net 49 "Net-(F310-Pad1)")
  (net 50 "Net-(F501-Pad1)")
  (net 51 "Net-(F501-Pad2)")
  (net 52 "Net-(J401-Pad12)")
  (net 53 "Net-(J401-Pad11)")
  (net 54 "Net-(J401-Pad9)")
  (net 55 "Net-(J401-Pad10)")
  (net 56 "Net-(J401-Pad8)")
  (net 57 "Net-(J401-Pad7)")
  (net 58 "/Power Outputs/NAP_PoE/TX-")
  (net 59 "Net-(J401-Pad5)")
  (net 60 "Net-(J401-Pad4)")
  (net 61 "/Power Outputs/NAP_PoE/TX+")
  (net 62 "/Power Outputs/NAP_PoE/RX-")
  (net 63 "/Power Outputs/NAP_PoE/RX+")
  (net 64 "Net-(J402-Pad11)")
  (net 65 "Net-(J402-Pad9)")
  (net 66 "Net-(J402-Pad10)")
  (net 67 "Net-(J402-Pad12)")
  (net 68 USB-)
  (net 69 USB+)
  (net 70 "Net-(J501-Pad4)")
  (net 71 SWDIO)
  (net 72 SWCLK)
  (net 73 "Net-(J502-Pad6)")
  (net 74 "Net-(J502-Pad7)")
  (net 75 "Net-(J502-Pad8)")
  (net 76 "Net-(J502-Pad9)")
  (net 77 ~RESET~)
  (net 78 "/Wiznet Ethernet/RX_C_N")
  (net 79 "/Wiznet Ethernet/RX_C_P")
  (net 80 "Net-(J601-PadR6)")
  (net 81 "Net-(J601-PadR5)")
  (net 82 "Net-(J601-PadR4)")
  (net 83 "/Wiznet Ethernet/TCT_RCT")
  (net 84 "/Wiznet Ethernet/TX_R_N")
  (net 85 "/Wiznet Ethernet/TX_R_P")
  (net 86 "Net-(J601-PadSH)")
  (net 87 3V3A_W5500)
  (net 88 "/Wiznet Ethernet/ACT_LED_R")
  (net 89 "/Wiznet Ethernet/LINK_LED_R")
  (net 90 "Net-(Q201-Pad1)")
  (net 91 "Net-(Q201-Pad3)")
  (net 92 "Net-(Q202-Pad1)")
  (net 93 COOL_PUMP_CTRL_2)
  (net 94 "Net-(J308-Pad1)")
  (net 95 "Net-(J314-Pad1)")
  (net 96 INVERTER_CTRL)
  (net 97 COOL_PUMP_CTRL_1)
  (net 98 "Net-(J310-Pad1)")
  (net 99 "Net-(R201-Pad1)")
  (net 100 "Net-(R202-Pad1)")
  (net 101 LPBAT_VSense)
  (net 102 HPBAT_VSense)
  (net 103 "Net-(R301-Pad1)")
  (net 104 "Net-(R302-Pad1)")
  (net 105 "Net-(R303-Pad1)")
  (net 106 "Net-(R304-Pad1)")
  (net 107 "Net-(R305-Pad1)")
  (net 108 "Net-(R306-Pad1)")
  (net 109 "Net-(C602-Pad2)")
  (net 110 "/Wiznet Ethernet/XTAL_IN")
  (net 111 "/Wiznet Ethernet/XTAL_OUT")
  (net 112 "/Wiznet Ethernet/LINK_LED")
  (net 113 "/Wiznet Ethernet/ACT_LED")
  (net 114 "/Wiznet Ethernet/RSVD0")
  (net 115 "/Wiznet Ethernet/3V3D_W5500")
  (net 116 NETW_RESET_L)
  (net 117 NETW_INT_L)
  (net 118 "/Wiznet Ethernet/RSVD1")
  (net 119 "/Wiznet Ethernet/RSVD2")
  (net 120 "/Wiznet Ethernet/RSVD3")
  (net 121 "/Wiznet Ethernet/RSVD4")
  (net 122 "/Wiznet Ethernet/RSVD5")
  (net 123 "Net-(C607-Pad1)")
  (net 124 "Net-(C606-Pad1)")
  (net 125 "/Wiznet Ethernet/TX_P")
  (net 126 "/Wiznet Ethernet/TX_N")
  (net 127 "Net-(C605-Pad1)")
  (net 128 "/Wiznet Ethernet/RX_P")
  (net 129 "/Wiznet Ethernet/RX_N")
  (net 130 "/Wiznet Ethernet/REF_RES")
  (net 131 "/Wiznet Ethernet/PMODE0")
  (net 132 "/Wiznet Ethernet/PMODE1")
  (net 133 "/Wiznet Ethernet/PMODE2")
  (net 134 "Net-(R701-Pad2)")
  (net 135 "Net-(R701-Pad1)")
  (net 136 LP12V_VSense)
  (net 137 LP5V_VSense)
  (net 138 LP24V_VSense)
  (net 139 HP12V_VSense)
  (net 140 "Net-(R801-Pad2)")
  (net 141 "/Wiznet Ethernet/DUP_LED_NC")
  (net 142 "/Wiznet Ethernet/SPD_LED_NC")
  (net 143 "/Wiznet Ethernet/1V2_VBG_NC")
  (net 144 LPBatt_Current)
  (net 145 "Net-(U201-Pad7)")
  (net 146 "Net-(U202-Pad7)")
  (net 147 HPBatt_Current)
  (net 148 Nodes_Current)
  (net 149 "Net-(U301-Pad7)")
  (net 150 LP5V_Output_Current)
  (net 151 "Net-(U302-Pad7)")
  (net 152 "Net-(U303-Pad7)")
  (net 153 CoolingP1_Current)
  (net 154 "Net-(U304-Pad7)")
  (net 155 CoolingP2_Current)
  (net 156 "Net-(U305-Pad7)")
  (net 157 LP12V_Output_Current)
  (net 158 Inverter12V_Current)
  (net 159 "Net-(U306-Pad7)")
  (net 160 "Net-(U501-Pad19)")
  (net 161 "Net-(U501-Pad20)")
  (net 162 NETW_CS)
  (net 163 NETW_MISO)
  (net 164 NETW_MOSI)
  (net 165 NETW_SCLK)
  (net 166 "Net-(U501-Pad28)")
  (net 167 "Net-(U501-Pad29)")
  (net 168 "Net-(U501-Pad30)")
  (net 169 "Net-(U501-Pad37)")
  (net 170 "Net-(U501-Pad39)")
  (net 171 "Net-(U501-Pad41)")
  (net 172 "Net-(U601-Pad7)")
  (net 173 "Net-(U601-Pad12)")
  (net 174 "Net-(U601-Pad13)")
  (net 175 "/Wiznet Ethernet/REF_CAP")
  (net 176 "/Wiznet Ethernet/1V20")
  (net 177 "Net-(U601-Pad46)")
  (net 178 "Net-(U601-Pad47)")
  (net 179 "Net-(U701-Pad2)")
  (net 180 "Net-(L701-Pad1)")
  (net 181 "Net-(U701-Pad8)")
  (net 182 "Net-(U701-Pad9)")
  (net 183 "Net-(U701-Pad5)")
  (net 184 "Net-(U701-Pad10)")
  (net 185 "Net-(U701-Pad4)")
  (net 186 "Net-(U702-Pad4)")
  (net 187 "Net-(U702-Pad10)")
  (net 188 "Net-(U702-Pad5)")
  (net 189 "Net-(L704-Pad1)")
  (net 190 "Net-(U702-Pad9)")
  (net 191 "Net-(U702-Pad8)")
  (net 192 "Net-(U702-Pad2)")
  (net 193 "Net-(U703-Pad10)")
  (net 194 "Net-(U703-Pad5)")
  (net 195 "Net-(L702-Pad1)")
  (net 196 "Net-(U703-Pad9)")
  (net 197 "Net-(U703-Pad8)")
  (net 198 "Net-(U703-Pad2)")
  (net 199 "Net-(L703-Pad1)")
  (net 200 "Net-(U704-Pad9)")
  (net 201 "Net-(U704-Pad4)")
  (net 202 "Net-(L701-Pad2)")
  (net 203 "Net-(L702-Pad2)")
  (net 204 "Net-(L703-Pad2)")
  (net 205 "Net-(L704-Pad2)")

  (net_class Default "This is the default net class."
    (clearance 0.2)
    (trace_width 0.25)
    (via_dia 0.8)
    (via_drill 0.4)
    (uvia_dia 0.3)
    (uvia_drill 0.1)
    (add_net +3V3)
    (add_net "/Inputs and Fusing/HP_Vin+")
    (add_net "/Inputs and Fusing/LP_Vin+")
    (add_net "/Power Conversion/HP12V")
    (add_net "/Power Conversion/LP12V")
    (add_net "/Power Conversion/LP24V")
    (add_net "/Power Conversion/LP5V")
    (add_net "/Power Conversion/USB5V")
    (add_net "/Power Outputs/NAP_PoE/NAP_Vin+")
    (add_net "/Power Outputs/NAP_PoE/RX+")
    (add_net "/Power Outputs/NAP_PoE/RX-")
    (add_net "/Power Outputs/NAP_PoE/TX+")
    (add_net "/Power Outputs/NAP_PoE/TX-")
    (add_net "/Wiznet Ethernet/1V20")
    (add_net "/Wiznet Ethernet/1V2_VBG_NC")
    (add_net "/Wiznet Ethernet/3V3D_W5500")
    (add_net "/Wiznet Ethernet/ACT_LED")
    (add_net "/Wiznet Ethernet/ACT_LED_R")
    (add_net "/Wiznet Ethernet/DUP_LED_NC")
    (add_net "/Wiznet Ethernet/LINK_LED")
    (add_net "/Wiznet Ethernet/LINK_LED_R")
    (add_net "/Wiznet Ethernet/PMODE0")
    (add_net "/Wiznet Ethernet/PMODE1")
    (add_net "/Wiznet Ethernet/PMODE2")
    (add_net "/Wiznet Ethernet/REF_CAP")
    (add_net "/Wiznet Ethernet/REF_RES")
    (add_net "/Wiznet Ethernet/RSVD0")
    (add_net "/Wiznet Ethernet/RSVD1")
    (add_net "/Wiznet Ethernet/RSVD2")
    (add_net "/Wiznet Ethernet/RSVD3")
    (add_net "/Wiznet Ethernet/RSVD4")
    (add_net "/Wiznet Ethernet/RSVD5")
    (add_net "/Wiznet Ethernet/RX_C_N")
    (add_net "/Wiznet Ethernet/RX_C_P")
    (add_net "/Wiznet Ethernet/RX_N")
    (add_net "/Wiznet Ethernet/RX_P")
    (add_net "/Wiznet Ethernet/SPD_LED_NC")
    (add_net "/Wiznet Ethernet/TCT_RCT")
    (add_net "/Wiznet Ethernet/TX_N")
    (add_net "/Wiznet Ethernet/TX_P")
    (add_net "/Wiznet Ethernet/TX_R_N")
    (add_net "/Wiznet Ethernet/TX_R_P")
    (add_net "/Wiznet Ethernet/XTAL_IN")
    (add_net "/Wiznet Ethernet/XTAL_OUT")
    (add_net 3V3A_W5500)
    (add_net 3V3_FILT)
    (add_net COOL_PUMP_CTRL_1)
    (add_net COOL_PUMP_CTRL_2)
    (add_net CoolingP1_Current)
    (add_net CoolingP2_Current)
    (add_net GND)
    (add_net HP12V_VSense)
    (add_net HPBAT_VSense)
    (add_net HPBAT_Voltage)
    (add_net HPBatt_Current)
    (add_net INVERTER_CTRL)
    (add_net Inverter12V_Current)
    (add_net LP12V_Output_Current)
    (add_net LP12V_VSense)
    (add_net LP24V_VSense)
    (add_net LP5V_Output_Current)
    (add_net LP5V_VSense)
    (add_net LPBAT_VSense)
    (add_net LPBAT_Voltage)
    (add_net LPBatt_Current)
    (add_net NETW_CS)
    (add_net NETW_INT_L)
    (add_net NETW_MISO)
    (add_net NETW_MOSI)
    (add_net NETW_RESET_L)
    (add_net NETW_SCLK)
    (add_net "Net-(C508-Pad1)")
    (add_net "Net-(C509-Pad1)")
    (add_net "Net-(C510-Pad1)")
    (add_net "Net-(C602-Pad2)")
    (add_net "Net-(C605-Pad1)")
    (add_net "Net-(C606-Pad1)")
    (add_net "Net-(C607-Pad1)")
    (add_net "Net-(C805-Pad1)")
    (add_net "Net-(C805-Pad2)")
    (add_net "Net-(C806-Pad1)")
    (add_net "Net-(C806-Pad2)")
    (add_net "Net-(D201-Pad1)")
    (add_net "Net-(D201-Pad2)")
    (add_net "Net-(D202-Pad1)")
    (add_net "Net-(D202-Pad2)")
    (add_net "Net-(D501-Pad2)")
    (add_net "Net-(D502-Pad1)")
    (add_net "Net-(D502-Pad2)")
    (add_net "Net-(D701-Pad2)")
    (add_net "Net-(D702-Pad2)")
    (add_net "Net-(D703-Pad2)")
    (add_net "Net-(D704-Pad2)")
    (add_net "Net-(D705-Pad2)")
    (add_net "Net-(F201-Pad2)")
    (add_net "Net-(F202-Pad2)")
    (add_net "Net-(F302-Pad1)")
    (add_net "Net-(F302-Pad2)")
    (add_net "Net-(F303-Pad1)")
    (add_net "Net-(F303-Pad2)")
    (add_net "Net-(F304-Pad1)")
    (add_net "Net-(F304-Pad2)")
    (add_net "Net-(F305-Pad1)")
    (add_net "Net-(F305-Pad2)")
    (add_net "Net-(F306-Pad1)")
    (add_net "Net-(F307-Pad1)")
    (add_net "Net-(F307-Pad2)")
    (add_net "Net-(F308-Pad1)")
    (add_net "Net-(F308-Pad2)")
    (add_net "Net-(F309-Pad1)")
    (add_net "Net-(F310-Pad1)")
    (add_net "Net-(F501-Pad1)")
    (add_net "Net-(F501-Pad2)")
    (add_net "Net-(J308-Pad1)")
    (add_net "Net-(J310-Pad1)")
    (add_net "Net-(J314-Pad1)")
    (add_net "Net-(J401-Pad10)")
    (add_net "Net-(J401-Pad11)")
    (add_net "Net-(J401-Pad12)")
    (add_net "Net-(J401-Pad4)")
    (add_net "Net-(J401-Pad5)")
    (add_net "Net-(J401-Pad7)")
    (add_net "Net-(J401-Pad8)")
    (add_net "Net-(J401-Pad9)")
    (add_net "Net-(J402-Pad10)")
    (add_net "Net-(J402-Pad11)")
    (add_net "Net-(J402-Pad12)")
    (add_net "Net-(J402-Pad9)")
    (add_net "Net-(J501-Pad4)")
    (add_net "Net-(J502-Pad6)")
    (add_net "Net-(J502-Pad7)")
    (add_net "Net-(J502-Pad8)")
    (add_net "Net-(J502-Pad9)")
    (add_net "Net-(J601-PadR4)")
    (add_net "Net-(J601-PadR5)")
    (add_net "Net-(J601-PadR6)")
    (add_net "Net-(J601-PadSH)")
    (add_net "Net-(L701-Pad1)")
    (add_net "Net-(L701-Pad2)")
    (add_net "Net-(L702-Pad1)")
    (add_net "Net-(L702-Pad2)")
    (add_net "Net-(L703-Pad1)")
    (add_net "Net-(L703-Pad2)")
    (add_net "Net-(L704-Pad1)")
    (add_net "Net-(L704-Pad2)")
    (add_net "Net-(Q201-Pad1)")
    (add_net "Net-(Q201-Pad3)")
    (add_net "Net-(Q202-Pad1)")
    (add_net "Net-(R201-Pad1)")
    (add_net "Net-(R202-Pad1)")
    (add_net "Net-(R301-Pad1)")
    (add_net "Net-(R302-Pad1)")
    (add_net "Net-(R303-Pad1)")
    (add_net "Net-(R304-Pad1)")
    (add_net "Net-(R305-Pad1)")
    (add_net "Net-(R306-Pad1)")
    (add_net "Net-(R701-Pad1)")
    (add_net "Net-(R701-Pad2)")
    (add_net "Net-(R801-Pad2)")
    (add_net "Net-(U201-Pad7)")
    (add_net "Net-(U202-Pad7)")
    (add_net "Net-(U301-Pad7)")
    (add_net "Net-(U302-Pad7)")
    (add_net "Net-(U303-Pad7)")
    (add_net "Net-(U304-Pad7)")
    (add_net "Net-(U305-Pad7)")
    (add_net "Net-(U306-Pad7)")
    (add_net "Net-(U501-Pad19)")
    (add_net "Net-(U501-Pad20)")
    (add_net "Net-(U501-Pad28)")
    (add_net "Net-(U501-Pad29)")
    (add_net "Net-(U501-Pad30)")
    (add_net "Net-(U501-Pad37)")
    (add_net "Net-(U501-Pad39)")
    (add_net "Net-(U501-Pad41)")
    (add_net "Net-(U601-Pad12)")
    (add_net "Net-(U601-Pad13)")
    (add_net "Net-(U601-Pad46)")
    (add_net "Net-(U601-Pad47)")
    (add_net "Net-(U601-Pad7)")
    (add_net "Net-(U701-Pad10)")
    (add_net "Net-(U701-Pad2)")
    (add_net "Net-(U701-Pad4)")
    (add_net "Net-(U701-Pad5)")
    (add_net "Net-(U701-Pad8)")
    (add_net "Net-(U701-Pad9)")
    (add_net "Net-(U702-Pad10)")
    (add_net "Net-(U702-Pad2)")
    (add_net "Net-(U702-Pad4)")
    (add_net "Net-(U702-Pad5)")
    (add_net "Net-(U702-Pad8)")
    (add_net "Net-(U702-Pad9)")
    (add_net "Net-(U703-Pad10)")
    (add_net "Net-(U703-Pad2)")
    (add_net "Net-(U703-Pad5)")
    (add_net "Net-(U703-Pad8)")
    (add_net "Net-(U703-Pad9)")
    (add_net "Net-(U704-Pad4)")
    (add_net "Net-(U704-Pad9)")
    (add_net Nodes_Current)
    (add_net SWCLK)
    (add_net SWDIO)
    (add_net USB+)
    (add_net USB-)
    (add_net ~RESET~)
  )

  (module Capacitor_SMD:C_0805_2012Metric_Pad1.15x1.40mm_HandSolder (layer F.Cu) (tedit 5B36C52B) (tstamp 5C6650D6)
    (at 135.89 55.88)
    (descr "Capacitor SMD 0805 (2012 Metric), square (rectangular) end terminal, IPC_7351 nominal with elongated pad for handsoldering. (Body size source: https://docs.google.com/spreadsheets/d/1BsfQQcO9C6DZCsRaXUlFlo91Tg2WpOkGARC1WS5S8t0/edit?usp=sharing), generated with kicad-footprint-generator")
    (tags "capacitor handsolder")
    (path /5BFB304F/5D677FCB)
    (attr smd)
    (fp_text reference C501 (at 0 -1.65) (layer F.SilkS)
      (effects (font (size 1 1) (thickness 0.15)))
    )
    (fp_text value 10uF (at 0 1.65) (layer F.Fab)
      (effects (font (size 1 1) (thickness 0.15)))
    )
    (fp_text user %R (at 0 0) (layer F.Fab)
      (effects (font (size 0.5 0.5) (thickness 0.08)))
    )
    (fp_line (start 1.85 0.95) (end -1.85 0.95) (layer F.CrtYd) (width 0.05))
    (fp_line (start 1.85 -0.95) (end 1.85 0.95) (layer F.CrtYd) (width 0.05))
    (fp_line (start -1.85 -0.95) (end 1.85 -0.95) (layer F.CrtYd) (width 0.05))
    (fp_line (start -1.85 0.95) (end -1.85 -0.95) (layer F.CrtYd) (width 0.05))
    (fp_line (start -0.261252 0.71) (end 0.261252 0.71) (layer F.SilkS) (width 0.12))
    (fp_line (start -0.261252 -0.71) (end 0.261252 -0.71) (layer F.SilkS) (width 0.12))
    (fp_line (start 1 0.6) (end -1 0.6) (layer F.Fab) (width 0.1))
    (fp_line (start 1 -0.6) (end 1 0.6) (layer F.Fab) (width 0.1))
    (fp_line (start -1 -0.6) (end 1 -0.6) (layer F.Fab) (width 0.1))
    (fp_line (start -1 0.6) (end -1 -0.6) (layer F.Fab) (width 0.1))
    (pad 2 smd roundrect (at 1.025 0) (size 1.15 1.4) (layers F.Cu F.Paste F.Mask) (roundrect_rratio 0.217391)
      (net 1 GND))
    (pad 1 smd roundrect (at -1.025 0) (size 1.15 1.4) (layers F.Cu F.Paste F.Mask) (roundrect_rratio 0.217391)
      (net 2 +3V3))
    (model ${KISYS3DMOD}/Capacitor_SMD.3dshapes/C_0805_2012Metric.wrl
      (at (xyz 0 0 0))
      (scale (xyz 1 1 1))
      (rotate (xyz 0 0 0))
    )
  )

  (module Capacitor_SMD:C_0805_2012Metric_Pad1.15x1.40mm_HandSolder (layer F.Cu) (tedit 5B36C52B) (tstamp 5C6650E7)
    (at 135.89 52.07)
    (descr "Capacitor SMD 0805 (2012 Metric), square (rectangular) end terminal, IPC_7351 nominal with elongated pad for handsoldering. (Body size source: https://docs.google.com/spreadsheets/d/1BsfQQcO9C6DZCsRaXUlFlo91Tg2WpOkGARC1WS5S8t0/edit?usp=sharing), generated with kicad-footprint-generator")
    (tags "capacitor handsolder")
    (path /5BFB304F/5D678057)
    (attr smd)
    (fp_text reference C502 (at 0 -1.65) (layer F.SilkS)
      (effects (font (size 1 1) (thickness 0.15)))
    )
    (fp_text value 0.1uF (at 0 1.65) (layer F.Fab)
      (effects (font (size 1 1) (thickness 0.15)))
    )
    (fp_line (start -1 0.6) (end -1 -0.6) (layer F.Fab) (width 0.1))
    (fp_line (start -1 -0.6) (end 1 -0.6) (layer F.Fab) (width 0.1))
    (fp_line (start 1 -0.6) (end 1 0.6) (layer F.Fab) (width 0.1))
    (fp_line (start 1 0.6) (end -1 0.6) (layer F.Fab) (width 0.1))
    (fp_line (start -0.261252 -0.71) (end 0.261252 -0.71) (layer F.SilkS) (width 0.12))
    (fp_line (start -0.261252 0.71) (end 0.261252 0.71) (layer F.SilkS) (width 0.12))
    (fp_line (start -1.85 0.95) (end -1.85 -0.95) (layer F.CrtYd) (width 0.05))
    (fp_line (start -1.85 -0.95) (end 1.85 -0.95) (layer F.CrtYd) (width 0.05))
    (fp_line (start 1.85 -0.95) (end 1.85 0.95) (layer F.CrtYd) (width 0.05))
    (fp_line (start 1.85 0.95) (end -1.85 0.95) (layer F.CrtYd) (width 0.05))
    (fp_text user %R (at 0 0) (layer F.Fab)
      (effects (font (size 0.5 0.5) (thickness 0.08)))
    )
    (pad 1 smd roundrect (at -1.025 0) (size 1.15 1.4) (layers F.Cu F.Paste F.Mask) (roundrect_rratio 0.217391)
      (net 2 +3V3))
    (pad 2 smd roundrect (at 1.025 0) (size 1.15 1.4) (layers F.Cu F.Paste F.Mask) (roundrect_rratio 0.217391)
      (net 1 GND))
    (model ${KISYS3DMOD}/Capacitor_SMD.3dshapes/C_0805_2012Metric.wrl
      (at (xyz 0 0 0))
      (scale (xyz 1 1 1))
      (rotate (xyz 0 0 0))
    )
  )

  (module Capacitor_SMD:C_0805_2012Metric_Pad1.15x1.40mm_HandSolder (layer F.Cu) (tedit 5B36C52B) (tstamp 5C6650F8)
    (at 135.89 48.26)
    (descr "Capacitor SMD 0805 (2012 Metric), square (rectangular) end terminal, IPC_7351 nominal with elongated pad for handsoldering. (Body size source: https://docs.google.com/spreadsheets/d/1BsfQQcO9C6DZCsRaXUlFlo91Tg2WpOkGARC1WS5S8t0/edit?usp=sharing), generated with kicad-footprint-generator")
    (tags "capacitor handsolder")
    (path /5BFB304F/5D67A8B9)
    (attr smd)
    (fp_text reference C503 (at 0 -1.65) (layer F.SilkS)
      (effects (font (size 1 1) (thickness 0.15)))
    )
    (fp_text value 0.1uF (at 0 1.65) (layer F.Fab)
      (effects (font (size 1 1) (thickness 0.15)))
    )
    (fp_text user %R (at 0 0) (layer F.Fab)
      (effects (font (size 0.5 0.5) (thickness 0.08)))
    )
    (fp_line (start 1.85 0.95) (end -1.85 0.95) (layer F.CrtYd) (width 0.05))
    (fp_line (start 1.85 -0.95) (end 1.85 0.95) (layer F.CrtYd) (width 0.05))
    (fp_line (start -1.85 -0.95) (end 1.85 -0.95) (layer F.CrtYd) (width 0.05))
    (fp_line (start -1.85 0.95) (end -1.85 -0.95) (layer F.CrtYd) (width 0.05))
    (fp_line (start -0.261252 0.71) (end 0.261252 0.71) (layer F.SilkS) (width 0.12))
    (fp_line (start -0.261252 -0.71) (end 0.261252 -0.71) (layer F.SilkS) (width 0.12))
    (fp_line (start 1 0.6) (end -1 0.6) (layer F.Fab) (width 0.1))
    (fp_line (start 1 -0.6) (end 1 0.6) (layer F.Fab) (width 0.1))
    (fp_line (start -1 -0.6) (end 1 -0.6) (layer F.Fab) (width 0.1))
    (fp_line (start -1 0.6) (end -1 -0.6) (layer F.Fab) (width 0.1))
    (pad 2 smd roundrect (at 1.025 0) (size 1.15 1.4) (layers F.Cu F.Paste F.Mask) (roundrect_rratio 0.217391)
      (net 1 GND))
    (pad 1 smd roundrect (at -1.025 0) (size 1.15 1.4) (layers F.Cu F.Paste F.Mask) (roundrect_rratio 0.217391)
      (net 2 +3V3))
    (model ${KISYS3DMOD}/Capacitor_SMD.3dshapes/C_0805_2012Metric.wrl
      (at (xyz 0 0 0))
      (scale (xyz 1 1 1))
      (rotate (xyz 0 0 0))
    )
  )

  (module Capacitor_SMD:C_0805_2012Metric_Pad1.15x1.40mm_HandSolder (layer F.Cu) (tedit 5B36C52B) (tstamp 5C665109)
    (at 157.48 47.235 90)
    (descr "Capacitor SMD 0805 (2012 Metric), square (rectangular) end terminal, IPC_7351 nominal with elongated pad for handsoldering. (Body size source: https://docs.google.com/spreadsheets/d/1BsfQQcO9C6DZCsRaXUlFlo91Tg2WpOkGARC1WS5S8t0/edit?usp=sharing), generated with kicad-footprint-generator")
    (tags "capacitor handsolder")
    (path /5BFB304F/5D55364F)
    (attr smd)
    (fp_text reference C504 (at 0 -1.65 90) (layer F.SilkS)
      (effects (font (size 1 1) (thickness 0.15)))
    )
    (fp_text value 10uF (at 0 1.65 90) (layer F.Fab)
      (effects (font (size 1 1) (thickness 0.15)))
    )
    (fp_text user %R (at 0 0 90) (layer F.Fab)
      (effects (font (size 0.5 0.5) (thickness 0.08)))
    )
    (fp_line (start 1.85 0.95) (end -1.85 0.95) (layer F.CrtYd) (width 0.05))
    (fp_line (start 1.85 -0.95) (end 1.85 0.95) (layer F.CrtYd) (width 0.05))
    (fp_line (start -1.85 -0.95) (end 1.85 -0.95) (layer F.CrtYd) (width 0.05))
    (fp_line (start -1.85 0.95) (end -1.85 -0.95) (layer F.CrtYd) (width 0.05))
    (fp_line (start -0.261252 0.71) (end 0.261252 0.71) (layer F.SilkS) (width 0.12))
    (fp_line (start -0.261252 -0.71) (end 0.261252 -0.71) (layer F.SilkS) (width 0.12))
    (fp_line (start 1 0.6) (end -1 0.6) (layer F.Fab) (width 0.1))
    (fp_line (start 1 -0.6) (end 1 0.6) (layer F.Fab) (width 0.1))
    (fp_line (start -1 -0.6) (end 1 -0.6) (layer F.Fab) (width 0.1))
    (fp_line (start -1 0.6) (end -1 -0.6) (layer F.Fab) (width 0.1))
    (pad 2 smd roundrect (at 1.025 0 90) (size 1.15 1.4) (layers F.Cu F.Paste F.Mask) (roundrect_rratio 0.217391)
      (net 1 GND))
    (pad 1 smd roundrect (at -1.025 0 90) (size 1.15 1.4) (layers F.Cu F.Paste F.Mask) (roundrect_rratio 0.217391)
      (net 3 "/Power Conversion/USB5V"))
    (model ${KISYS3DMOD}/Capacitor_SMD.3dshapes/C_0805_2012Metric.wrl
      (at (xyz 0 0 0))
      (scale (xyz 1 1 1))
      (rotate (xyz 0 0 0))
    )
  )

  (module Capacitor_SMD:C_0805_2012Metric_Pad1.15x1.40mm_HandSolder (layer F.Cu) (tedit 5B36C52B) (tstamp 5C66511A)
    (at 161.29 47.235 90)
    (descr "Capacitor SMD 0805 (2012 Metric), square (rectangular) end terminal, IPC_7351 nominal with elongated pad for handsoldering. (Body size source: https://docs.google.com/spreadsheets/d/1BsfQQcO9C6DZCsRaXUlFlo91Tg2WpOkGARC1WS5S8t0/edit?usp=sharing), generated with kicad-footprint-generator")
    (tags "capacitor handsolder")
    (path /5BFB304F/5D553655)
    (attr smd)
    (fp_text reference C505 (at 0 -1.65 90) (layer F.SilkS)
      (effects (font (size 1 1) (thickness 0.15)))
    )
    (fp_text value 1uF (at 0 1.65 90) (layer F.Fab)
      (effects (font (size 1 1) (thickness 0.15)))
    )
    (fp_line (start -1 0.6) (end -1 -0.6) (layer F.Fab) (width 0.1))
    (fp_line (start -1 -0.6) (end 1 -0.6) (layer F.Fab) (width 0.1))
    (fp_line (start 1 -0.6) (end 1 0.6) (layer F.Fab) (width 0.1))
    (fp_line (start 1 0.6) (end -1 0.6) (layer F.Fab) (width 0.1))
    (fp_line (start -0.261252 -0.71) (end 0.261252 -0.71) (layer F.SilkS) (width 0.12))
    (fp_line (start -0.261252 0.71) (end 0.261252 0.71) (layer F.SilkS) (width 0.12))
    (fp_line (start -1.85 0.95) (end -1.85 -0.95) (layer F.CrtYd) (width 0.05))
    (fp_line (start -1.85 -0.95) (end 1.85 -0.95) (layer F.CrtYd) (width 0.05))
    (fp_line (start 1.85 -0.95) (end 1.85 0.95) (layer F.CrtYd) (width 0.05))
    (fp_line (start 1.85 0.95) (end -1.85 0.95) (layer F.CrtYd) (width 0.05))
    (fp_text user %R (at 0 0 90) (layer F.Fab)
      (effects (font (size 0.5 0.5) (thickness 0.08)))
    )
    (pad 1 smd roundrect (at -1.025 0 90) (size 1.15 1.4) (layers F.Cu F.Paste F.Mask) (roundrect_rratio 0.217391)
      (net 3 "/Power Conversion/USB5V"))
    (pad 2 smd roundrect (at 1.025 0 90) (size 1.15 1.4) (layers F.Cu F.Paste F.Mask) (roundrect_rratio 0.217391)
      (net 1 GND))
    (model ${KISYS3DMOD}/Capacitor_SMD.3dshapes/C_0805_2012Metric.wrl
      (at (xyz 0 0 0))
      (scale (xyz 1 1 1))
      (rotate (xyz 0 0 0))
    )
  )

  (module Capacitor_SMD:C_0805_2012Metric_Pad1.15x1.40mm_HandSolder (layer F.Cu) (tedit 5B36C52B) (tstamp 5C66512B)
    (at 130.81 55.88)
    (descr "Capacitor SMD 0805 (2012 Metric), square (rectangular) end terminal, IPC_7351 nominal with elongated pad for handsoldering. (Body size source: https://docs.google.com/spreadsheets/d/1BsfQQcO9C6DZCsRaXUlFlo91Tg2WpOkGARC1WS5S8t0/edit?usp=sharing), generated with kicad-footprint-generator")
    (tags "capacitor handsolder")
    (path /5BFB304F/5D54157C)
    (attr smd)
    (fp_text reference C506 (at 0 -1.65) (layer F.SilkS)
      (effects (font (size 1 1) (thickness 0.15)))
    )
    (fp_text value 10uF (at 0 1.65) (layer F.Fab)
      (effects (font (size 1 1) (thickness 0.15)))
    )
    (fp_text user %R (at 0 0) (layer F.Fab)
      (effects (font (size 0.5 0.5) (thickness 0.08)))
    )
    (fp_line (start 1.85 0.95) (end -1.85 0.95) (layer F.CrtYd) (width 0.05))
    (fp_line (start 1.85 -0.95) (end 1.85 0.95) (layer F.CrtYd) (width 0.05))
    (fp_line (start -1.85 -0.95) (end 1.85 -0.95) (layer F.CrtYd) (width 0.05))
    (fp_line (start -1.85 0.95) (end -1.85 -0.95) (layer F.CrtYd) (width 0.05))
    (fp_line (start -0.261252 0.71) (end 0.261252 0.71) (layer F.SilkS) (width 0.12))
    (fp_line (start -0.261252 -0.71) (end 0.261252 -0.71) (layer F.SilkS) (width 0.12))
    (fp_line (start 1 0.6) (end -1 0.6) (layer F.Fab) (width 0.1))
    (fp_line (start 1 -0.6) (end 1 0.6) (layer F.Fab) (width 0.1))
    (fp_line (start -1 -0.6) (end 1 -0.6) (layer F.Fab) (width 0.1))
    (fp_line (start -1 0.6) (end -1 -0.6) (layer F.Fab) (width 0.1))
    (pad 2 smd roundrect (at 1.025 0) (size 1.15 1.4) (layers F.Cu F.Paste F.Mask) (roundrect_rratio 0.217391)
      (net 1 GND))
    (pad 1 smd roundrect (at -1.025 0) (size 1.15 1.4) (layers F.Cu F.Paste F.Mask) (roundrect_rratio 0.217391)
      (net 4 3V3_FILT))
    (model ${KISYS3DMOD}/Capacitor_SMD.3dshapes/C_0805_2012Metric.wrl
      (at (xyz 0 0 0))
      (scale (xyz 1 1 1))
      (rotate (xyz 0 0 0))
    )
  )

  (module Capacitor_SMD:C_0805_2012Metric_Pad1.15x1.40mm_HandSolder (layer F.Cu) (tedit 5B36C52B) (tstamp 5C5F0235)
    (at 130.81 52.07)
    (descr "Capacitor SMD 0805 (2012 Metric), square (rectangular) end terminal, IPC_7351 nominal with elongated pad for handsoldering. (Body size source: https://docs.google.com/spreadsheets/d/1BsfQQcO9C6DZCsRaXUlFlo91Tg2WpOkGARC1WS5S8t0/edit?usp=sharing), generated with kicad-footprint-generator")
    (tags "capacitor handsolder")
    (path /5BFB304F/5D54164A)
    (attr smd)
    (fp_text reference C507 (at 0 -1.65) (layer F.SilkS)
      (effects (font (size 1 1) (thickness 0.15)))
    )
    (fp_text value 0.1uF (at 0 1.65) (layer F.Fab)
      (effects (font (size 1 1) (thickness 0.15)))
    )
    (fp_line (start -1 0.6) (end -1 -0.6) (layer F.Fab) (width 0.1))
    (fp_line (start -1 -0.6) (end 1 -0.6) (layer F.Fab) (width 0.1))
    (fp_line (start 1 -0.6) (end 1 0.6) (layer F.Fab) (width 0.1))
    (fp_line (start 1 0.6) (end -1 0.6) (layer F.Fab) (width 0.1))
    (fp_line (start -0.261252 -0.71) (end 0.261252 -0.71) (layer F.SilkS) (width 0.12))
    (fp_line (start -0.261252 0.71) (end 0.261252 0.71) (layer F.SilkS) (width 0.12))
    (fp_line (start -1.85 0.95) (end -1.85 -0.95) (layer F.CrtYd) (width 0.05))
    (fp_line (start -1.85 -0.95) (end 1.85 -0.95) (layer F.CrtYd) (width 0.05))
    (fp_line (start 1.85 -0.95) (end 1.85 0.95) (layer F.CrtYd) (width 0.05))
    (fp_line (start 1.85 0.95) (end -1.85 0.95) (layer F.CrtYd) (width 0.05))
    (fp_text user %R (at 0 0) (layer F.Fab)
      (effects (font (size 0.5 0.5) (thickness 0.08)))
    )
    (pad 1 smd roundrect (at -1.025 0) (size 1.15 1.4) (layers F.Cu F.Paste F.Mask) (roundrect_rratio 0.217391)
      (net 4 3V3_FILT))
    (pad 2 smd roundrect (at 1.025 0) (size 1.15 1.4) (layers F.Cu F.Paste F.Mask) (roundrect_rratio 0.217391)
      (net 1 GND))
    (model ${KISYS3DMOD}/Capacitor_SMD.3dshapes/C_0805_2012Metric.wrl
      (at (xyz 0 0 0))
      (scale (xyz 1 1 1))
      (rotate (xyz 0 0 0))
    )
  )

  (module Capacitor_SMD:C_0805_2012Metric_Pad1.15x1.40mm_HandSolder (layer F.Cu) (tedit 5B36C52B) (tstamp 5C66514D)
    (at 143.51 59.69 270)
    (descr "Capacitor SMD 0805 (2012 Metric), square (rectangular) end terminal, IPC_7351 nominal with elongated pad for handsoldering. (Body size source: https://docs.google.com/spreadsheets/d/1BsfQQcO9C6DZCsRaXUlFlo91Tg2WpOkGARC1WS5S8t0/edit?usp=sharing), generated with kicad-footprint-generator")
    (tags "capacitor handsolder")
    (path /5BFB304F/5D53B005)
    (attr smd)
    (fp_text reference C508 (at 0 -1.65 270) (layer F.SilkS)
      (effects (font (size 1 1) (thickness 0.15)))
    )
    (fp_text value 22pF (at 0 1.65 270) (layer F.Fab)
      (effects (font (size 1 1) (thickness 0.15)))
    )
    (fp_text user %R (at 0 0 270) (layer F.Fab)
      (effects (font (size 0.5 0.5) (thickness 0.08)))
    )
    (fp_line (start 1.85 0.95) (end -1.85 0.95) (layer F.CrtYd) (width 0.05))
    (fp_line (start 1.85 -0.95) (end 1.85 0.95) (layer F.CrtYd) (width 0.05))
    (fp_line (start -1.85 -0.95) (end 1.85 -0.95) (layer F.CrtYd) (width 0.05))
    (fp_line (start -1.85 0.95) (end -1.85 -0.95) (layer F.CrtYd) (width 0.05))
    (fp_line (start -0.261252 0.71) (end 0.261252 0.71) (layer F.SilkS) (width 0.12))
    (fp_line (start -0.261252 -0.71) (end 0.261252 -0.71) (layer F.SilkS) (width 0.12))
    (fp_line (start 1 0.6) (end -1 0.6) (layer F.Fab) (width 0.1))
    (fp_line (start 1 -0.6) (end 1 0.6) (layer F.Fab) (width 0.1))
    (fp_line (start -1 -0.6) (end 1 -0.6) (layer F.Fab) (width 0.1))
    (fp_line (start -1 0.6) (end -1 -0.6) (layer F.Fab) (width 0.1))
    (pad 2 smd roundrect (at 1.025 0 270) (size 1.15 1.4) (layers F.Cu F.Paste F.Mask) (roundrect_rratio 0.217391)
      (net 1 GND))
    (pad 1 smd roundrect (at -1.025 0 270) (size 1.15 1.4) (layers F.Cu F.Paste F.Mask) (roundrect_rratio 0.217391)
      (net 5 "Net-(C508-Pad1)"))
    (model ${KISYS3DMOD}/Capacitor_SMD.3dshapes/C_0805_2012Metric.wrl
      (at (xyz 0 0 0))
      (scale (xyz 1 1 1))
      (rotate (xyz 0 0 0))
    )
  )

  (module Capacitor_SMD:C_0805_2012Metric_Pad1.15x1.40mm_HandSolder (layer F.Cu) (tedit 5B36C52B) (tstamp 5C66515E)
    (at 143.51 64.77 270)
    (descr "Capacitor SMD 0805 (2012 Metric), square (rectangular) end terminal, IPC_7351 nominal with elongated pad for handsoldering. (Body size source: https://docs.google.com/spreadsheets/d/1BsfQQcO9C6DZCsRaXUlFlo91Tg2WpOkGARC1WS5S8t0/edit?usp=sharing), generated with kicad-footprint-generator")
    (tags "capacitor handsolder")
    (path /5BFB304F/5D53B081)
    (attr smd)
    (fp_text reference C509 (at 0 -1.65 270) (layer F.SilkS)
      (effects (font (size 1 1) (thickness 0.15)))
    )
    (fp_text value 22pF (at 0 1.65 270) (layer F.Fab)
      (effects (font (size 1 1) (thickness 0.15)))
    )
    (fp_text user %R (at 0 0 270) (layer F.Fab)
      (effects (font (size 0.5 0.5) (thickness 0.08)))
    )
    (fp_line (start 1.85 0.95) (end -1.85 0.95) (layer F.CrtYd) (width 0.05))
    (fp_line (start 1.85 -0.95) (end 1.85 0.95) (layer F.CrtYd) (width 0.05))
    (fp_line (start -1.85 -0.95) (end 1.85 -0.95) (layer F.CrtYd) (width 0.05))
    (fp_line (start -1.85 0.95) (end -1.85 -0.95) (layer F.CrtYd) (width 0.05))
    (fp_line (start -0.261252 0.71) (end 0.261252 0.71) (layer F.SilkS) (width 0.12))
    (fp_line (start -0.261252 -0.71) (end 0.261252 -0.71) (layer F.SilkS) (width 0.12))
    (fp_line (start 1 0.6) (end -1 0.6) (layer F.Fab) (width 0.1))
    (fp_line (start 1 -0.6) (end 1 0.6) (layer F.Fab) (width 0.1))
    (fp_line (start -1 -0.6) (end 1 -0.6) (layer F.Fab) (width 0.1))
    (fp_line (start -1 0.6) (end -1 -0.6) (layer F.Fab) (width 0.1))
    (pad 2 smd roundrect (at 1.025 0 270) (size 1.15 1.4) (layers F.Cu F.Paste F.Mask) (roundrect_rratio 0.217391)
      (net 1 GND))
    (pad 1 smd roundrect (at -1.025 0 270) (size 1.15 1.4) (layers F.Cu F.Paste F.Mask) (roundrect_rratio 0.217391)
      (net 6 "Net-(C509-Pad1)"))
    (model ${KISYS3DMOD}/Capacitor_SMD.3dshapes/C_0805_2012Metric.wrl
      (at (xyz 0 0 0))
      (scale (xyz 1 1 1))
      (rotate (xyz 0 0 0))
    )
  )

  (module Capacitor_SMD:C_0805_2012Metric_Pad1.15x1.40mm_HandSolder (layer F.Cu) (tedit 5B36C52B) (tstamp 5C66516F)
    (at 161.29 59.69 90)
    (descr "Capacitor SMD 0805 (2012 Metric), square (rectangular) end terminal, IPC_7351 nominal with elongated pad for handsoldering. (Body size source: https://docs.google.com/spreadsheets/d/1BsfQQcO9C6DZCsRaXUlFlo91Tg2WpOkGARC1WS5S8t0/edit?usp=sharing), generated with kicad-footprint-generator")
    (tags "capacitor handsolder")
    (path /5BFB304F/5D538FA7)
    (attr smd)
    (fp_text reference C510 (at 0 -1.65 90) (layer F.SilkS)
      (effects (font (size 1 1) (thickness 0.15)))
    )
    (fp_text value 0.1uF (at 0 1.65 90) (layer F.Fab)
      (effects (font (size 1 1) (thickness 0.15)))
    )
    (fp_text user %R (at 0 0 90) (layer F.Fab)
      (effects (font (size 0.5 0.5) (thickness 0.08)))
    )
    (fp_line (start 1.85 0.95) (end -1.85 0.95) (layer F.CrtYd) (width 0.05))
    (fp_line (start 1.85 -0.95) (end 1.85 0.95) (layer F.CrtYd) (width 0.05))
    (fp_line (start -1.85 -0.95) (end 1.85 -0.95) (layer F.CrtYd) (width 0.05))
    (fp_line (start -1.85 0.95) (end -1.85 -0.95) (layer F.CrtYd) (width 0.05))
    (fp_line (start -0.261252 0.71) (end 0.261252 0.71) (layer F.SilkS) (width 0.12))
    (fp_line (start -0.261252 -0.71) (end 0.261252 -0.71) (layer F.SilkS) (width 0.12))
    (fp_line (start 1 0.6) (end -1 0.6) (layer F.Fab) (width 0.1))
    (fp_line (start 1 -0.6) (end 1 0.6) (layer F.Fab) (width 0.1))
    (fp_line (start -1 -0.6) (end 1 -0.6) (layer F.Fab) (width 0.1))
    (fp_line (start -1 0.6) (end -1 -0.6) (layer F.Fab) (width 0.1))
    (pad 2 smd roundrect (at 1.025 0 90) (size 1.15 1.4) (layers F.Cu F.Paste F.Mask) (roundrect_rratio 0.217391)
      (net 1 GND))
    (pad 1 smd roundrect (at -1.025 0 90) (size 1.15 1.4) (layers F.Cu F.Paste F.Mask) (roundrect_rratio 0.217391)
      (net 7 "Net-(C510-Pad1)"))
    (model ${KISYS3DMOD}/Capacitor_SMD.3dshapes/C_0805_2012Metric.wrl
      (at (xyz 0 0 0))
      (scale (xyz 1 1 1))
      (rotate (xyz 0 0 0))
    )
  )

  (module Capacitor_SMD:C_0805_2012Metric_Pad1.15x1.40mm_HandSolder (layer F.Cu) (tedit 5B36C52B) (tstamp 5C665180)
    (at 190.5 118.11 270)
    (descr "Capacitor SMD 0805 (2012 Metric), square (rectangular) end terminal, IPC_7351 nominal with elongated pad for handsoldering. (Body size source: https://docs.google.com/spreadsheets/d/1BsfQQcO9C6DZCsRaXUlFlo91Tg2WpOkGARC1WS5S8t0/edit?usp=sharing), generated with kicad-footprint-generator")
    (tags "capacitor handsolder")
    (path /5BFB3065/59C976CA)
    (attr smd)
    (fp_text reference C601 (at 0 -1.65 270) (layer F.SilkS)
      (effects (font (size 1 1) (thickness 0.15)))
    )
    (fp_text value 18pF (at 0 1.65 270) (layer F.Fab)
      (effects (font (size 1 1) (thickness 0.15)))
    )
    (fp_text user %R (at 0 0 270) (layer F.Fab)
      (effects (font (size 0.5 0.5) (thickness 0.08)))
    )
    (fp_line (start 1.85 0.95) (end -1.85 0.95) (layer F.CrtYd) (width 0.05))
    (fp_line (start 1.85 -0.95) (end 1.85 0.95) (layer F.CrtYd) (width 0.05))
    (fp_line (start -1.85 -0.95) (end 1.85 -0.95) (layer F.CrtYd) (width 0.05))
    (fp_line (start -1.85 0.95) (end -1.85 -0.95) (layer F.CrtYd) (width 0.05))
    (fp_line (start -0.261252 0.71) (end 0.261252 0.71) (layer F.SilkS) (width 0.12))
    (fp_line (start -0.261252 -0.71) (end 0.261252 -0.71) (layer F.SilkS) (width 0.12))
    (fp_line (start 1 0.6) (end -1 0.6) (layer F.Fab) (width 0.1))
    (fp_line (start 1 -0.6) (end 1 0.6) (layer F.Fab) (width 0.1))
    (fp_line (start -1 -0.6) (end 1 -0.6) (layer F.Fab) (width 0.1))
    (fp_line (start -1 0.6) (end -1 -0.6) (layer F.Fab) (width 0.1))
    (pad 2 smd roundrect (at 1.025 0 270) (size 1.15 1.4) (layers F.Cu F.Paste F.Mask) (roundrect_rratio 0.217391)
      (net 110 "/Wiznet Ethernet/XTAL_IN"))
    (pad 1 smd roundrect (at -1.025 0 270) (size 1.15 1.4) (layers F.Cu F.Paste F.Mask) (roundrect_rratio 0.217391)
      (net 1 GND))
    (model ${KISYS3DMOD}/Capacitor_SMD.3dshapes/C_0805_2012Metric.wrl
      (at (xyz 0 0 0))
      (scale (xyz 1 1 1))
      (rotate (xyz 0 0 0))
    )
  )

  (module Capacitor_SMD:C_0805_2012Metric_Pad1.15x1.40mm_HandSolder (layer F.Cu) (tedit 5B36C52B) (tstamp 5C665191)
    (at 194.31 118.11 270)
    (descr "Capacitor SMD 0805 (2012 Metric), square (rectangular) end terminal, IPC_7351 nominal with elongated pad for handsoldering. (Body size source: https://docs.google.com/spreadsheets/d/1BsfQQcO9C6DZCsRaXUlFlo91Tg2WpOkGARC1WS5S8t0/edit?usp=sharing), generated with kicad-footprint-generator")
    (tags "capacitor handsolder")
    (path /5BFB3065/59C97669)
    (attr smd)
    (fp_text reference C602 (at 0 -1.65 270) (layer F.SilkS)
      (effects (font (size 1 1) (thickness 0.15)))
    )
    (fp_text value 18pF (at 0 1.65 270) (layer F.Fab)
      (effects (font (size 1 1) (thickness 0.15)))
    )
    (fp_line (start -1 0.6) (end -1 -0.6) (layer F.Fab) (width 0.1))
    (fp_line (start -1 -0.6) (end 1 -0.6) (layer F.Fab) (width 0.1))
    (fp_line (start 1 -0.6) (end 1 0.6) (layer F.Fab) (width 0.1))
    (fp_line (start 1 0.6) (end -1 0.6) (layer F.Fab) (width 0.1))
    (fp_line (start -0.261252 -0.71) (end 0.261252 -0.71) (layer F.SilkS) (width 0.12))
    (fp_line (start -0.261252 0.71) (end 0.261252 0.71) (layer F.SilkS) (width 0.12))
    (fp_line (start -1.85 0.95) (end -1.85 -0.95) (layer F.CrtYd) (width 0.05))
    (fp_line (start -1.85 -0.95) (end 1.85 -0.95) (layer F.CrtYd) (width 0.05))
    (fp_line (start 1.85 -0.95) (end 1.85 0.95) (layer F.CrtYd) (width 0.05))
    (fp_line (start 1.85 0.95) (end -1.85 0.95) (layer F.CrtYd) (width 0.05))
    (fp_text user %R (at 0 0 270) (layer F.Fab)
      (effects (font (size 0.5 0.5) (thickness 0.08)))
    )
    (pad 1 smd roundrect (at -1.025 0 270) (size 1.15 1.4) (layers F.Cu F.Paste F.Mask) (roundrect_rratio 0.217391)
      (net 1 GND))
    (pad 2 smd roundrect (at 1.025 0 270) (size 1.15 1.4) (layers F.Cu F.Paste F.Mask) (roundrect_rratio 0.217391)
      (net 109 "Net-(C602-Pad2)"))
    (model ${KISYS3DMOD}/Capacitor_SMD.3dshapes/C_0805_2012Metric.wrl
      (at (xyz 0 0 0))
      (scale (xyz 1 1 1))
      (rotate (xyz 0 0 0))
    )
  )

  (module Capacitor_SMD:C_0805_2012Metric_Pad1.15x1.40mm_HandSolder (layer F.Cu) (tedit 5B36C52B) (tstamp 5C6651A2)
